timestamp,position 1,command_position 1,velocity 1,torque 1,power 1,pressure 1,foot_contact 1,position 3,command_position 3,velocity 3,torque 3,power 3,pressure 3,foot_contact 3
1719594077.7415335,-0.0006,0.0,-0.0061,0.0,0.0,93.8698,False,0.0002,0.0,0.0346,0.0,0.0,104.3125,False
1719594077.7711544,-0.0003,0.0,-0.0037,-0.0023,-0.0034,93.9534,False,0.0001,-6.2832,0.0278,0.0077,-0.0008,104.3662,True
1719594077.8007414,-0.0005,0.0,-0.0415,0.0033,-0.0001,93.9952,False,-0.0639,-6.2832,-4.2234,0.0024,-0.0007,104.3125,True
1719594077.8299427,-0.0004,0.0,0.0417,-0.0067,-0.0004,93.9116,False,-0.1981,-6.2832,-7.0374,-0.0101,0.0252,104.5275,True
1719594077.8754992,-0.0013,0.0,-0.0902,0.0068,-0.0003,93.8698,False,-0.6046,-6.2832,-13.2519,-0.0,-0.055,104.6888,True
1719594077.9052587,-0.0013,0.0,0.0031,-0.0095,0.0,93.8698,False,-0.9843,-6.2832,-15.9143,-0.0059,0.0313,104.635,True
1719594077.9344466,-0.0018,0.0,-0.0837,-0.0095,0.0005,93.9116,False,-1.4231,-6.2832,-17.5797,-0.0064,0.1858,105.1188,True
1719594077.9650106,-0.0023,0.0,-0.0518,0.0025,-0.0008,93.9116,False,-1.951,-6.2832,-20.6307,0.007,-0.1096,105.3875,True
1719594077.9950447,-0.0039,0.0,-0.1191,-0.0011,0.0005,93.8698,False,-2.5585,-6.2832,-23.6789,-0.0202,0.442,105.3875,True
1719594078.02497,-0.0048,0.0,-0.1178,-0.001,0.0006,93.828,False,-3.224,-6.2832,-25.8493,-0.0219,0.4645,105.5488,True
1719594078.0549119,-0.0057,0.0,-0.0876,-0.0167,0.0001,93.828,False,-3.9501,-6.2832,-27.9898,-0.0245,0.7464,105.2262,True
1719594078.0851417,-0.005,0.0,-0.0228,-0.0139,0.001,93.828,False,-4.6711,-6.2832,-24.243,-0.1822,3.8402,104.205,True
1719594078.1141903,-0.0028,0.0,0.0395,-0.0047,0.0004,93.9116,False,-5.2458,-6.2832,-19.5767,-0.1469,2.5103,103.0362,True
1719594078.1444,-0.0011,0.0,0.0401,0.0109,-0.0026,93.9116,False,-5.7078,-6.2832,-15.2593,-0.1385,1.8743,102.5206,True
1719594078.1731312,-0.001,0.0,0.0148,0.002,0.0001,93.9952,False,-6.0423,0.0,-11.3746,-0.3947,6.5325,102.4737,False
1719594078.2030709,0.0004,0.0,-0.1005,-0.0063,0.0008,93.828,False,-5.7388,0.0,18.5388,-0.0225,-0.2801,102.6144,False
1719594078.2326639,0.0033,0.0,0.2024,0.0048,-0.0007,93.8698,False,-5.2161,0.0,14.8554,0.0293,0.3643,102.5206,False
1719594078.2627027,0.0184,0.0,1.6029,-0.0128,-0.0052,93.828,False,-4.9009,0.0,8.0067,0.0184,0.2265,102.4737,False
1719594078.293048,0.1132,0.0,3.7189,0.0069,0.0039,93.7862,False,-4.7754,0.0,0.8384,0.011,0.0021,102.38,False
1719594078.322438,0.2051,0.0,2.6166,0.0098,0.0068,93.7862,False,-4.7833,0.0,0.2206,0.0078,-0.0021,102.4737,False
1719594078.3524451,0.2674,0.0,1.3716,0.0017,0.0002,93.7862,False,-4.7855,0.0,0.0397,0.005,-0.0006,102.2862,False
1719594078.3829505,0.2788,0.0,0.1445,-0.0051,-0.0006,93.7862,False,-4.7849,0.0,-0.0805,-0.0008,0.0012,102.3331,False
1719594078.4130645,0.2774,0.0,-0.1453,-0.0,0.0,93.8698,False,-4.7831,0.0,0.1059,-0.005,0.0004,102.4737,False
1719594078.442866,0.273,0.0,-0.0014,-0.0118,-0.0,96.0851,False,-4.7763,0.0,0.5016,0.0042,-0.0012,102.38,False
1719594078.4723442,0.2729,0.0,0.1153,-0.0011,0.0003,97.9269,False,-4.6378,0.0,7.7441,-0.023,-0.0798,102.7081,False
1719594078.5028768,0.2538,0.0,-2.0709,0.0068,-0.0048,99.38,False,-4.3425,0.0,10.3443,-0.0148,-0.0974,104.205,False
1719594078.5338326,0.0472,0.0,-8.574,0.0224,-0.0906,99.6612,False,-3.9916,-6.2832,11.5986,-0.0031,-0.0225,104.7962,True
1719594078.5630636,-0.1988,0.0,-7.2341,-0.002,0.0016,98.1144,False,-3.7307,-6.2832,6.9942,0.0449,0.4309,104.5812,True
1719594078.5919557,-0.3336,0.0,-3.221,-0.0054,0.0045,96.8792,False,-3.574,-6.2832,3.3545,0.0677,0.2824,105.2262,True
1719594078.6228766,-0.3475,0.0,0.0753,0.0095,-0.0011,96.3359,False,-3.5173,-6.2832,-0.1995,0.0832,0.1997,105.2262,True
1719594078.6518283,-0.3486,0.0,0.0625,-0.0013,0.0004,95.2909,False,-3.5492,-6.2832,-3.471,0.0526,0.0319,105.0112,True
1719594078.682754,-0.3469,0.0,0.0246,0.003,-0.001,94.7476,False,-3.6594,-6.2832,-6.2393,0.0005,-0.0002,104.0975,True
1719594078.712137,-0.345,0.0,0.0401,-0.0063,-0.0009,95.1655,False,-3.8394,-6.2832,-9.049,-0.0006,0.0085,103.5062,True
1719594078.741945,-0.3427,0.0,-0.1086,-0.0011,-0.0014,95.7507,False,-4.0952,-6.2832,-11.3187,-0.0049,0.0285,103.0831,True
1719594078.7729988,-0.3387,0.0,0.2686,-0.0004,-0.0011,96.4613,False,-4.4379,-6.2832,-13.7489,-0.0169,0.1225,102.8019,True
1719594078.8023438,-0.2882,0.0,3.1344,-0.017,-0.0156,97.9737,False,-4.8325,0.0,-17.2339,-0.3928,9.304,102.7081,False
1719594078.83067,-0.2146,0.0,1.4992,-0.0042,-0.0015,97.9269,False,-4.6984,0.0,15.7152,-0.0243,-0.2962,102.6144,False
1719594078.8759837,-0.1404,0.0,2.37,0.0073,0.0047,94.9566,False,-4.0357,0.0,10.352,0.035,0.3281,102.4269,False
1719594078.905456,-0.0636,0.0,2.5617,0.0083,0.0045,94.246,False,-3.8548,0.0,3.2825,0.0399,0.0641,102.6144,False
1719594078.9356637,-0.047,0.0,-0.4064,0.0079,0.0001,94.0788,False,-3.8708,0.0,0.3193,0.0037,0.0004,102.5206,False
1719594078.965885,-0.0459,0.0,-0.003,0.0049,0.0001,94.1206,False,-3.8644,0.0,0.1354,-0.0083,-0.0005,102.5675,False
1719594078.9956894,-0.0461,0.0,-0.0317,-0.0049,0.0001,94.1206,False,-3.8656,0.0,-0.0293,-0.0046,0.0005,102.6144,False
1719594079.0264528,-0.0463,0.0,-0.0511,-0.0037,0.0003,94.2042,False,-3.8658,0.0,-0.0834,0.0041,-0.0,102.5675,False
1719594079.0567472,-0.047,0.0,-0.0616,0.0035,-0.0009,94.6222,False,-3.8652,0.0,0.0294,-0.0046,0.0006,103.2912,False
1719594079.0869079,-0.049,0.0,0.0418,-0.0113,-0.0018,95.2491,False,-3.864,-6.2832,0.1392,-0.0094,0.0013,103.775,True
1719594079.117745,-0.0515,0.0,-0.0531,-0.0047,0.0003,95.6671,False,-3.928,-6.2832,-4.1433,-0.0086,0.0082,104.2588,True
1719594079.148279,-0.0519,0.0,-0.0266,0.0035,0.0004,95.5835,False,-4.0722,-6.2832,-7.3898,-0.0049,0.0247,104.3662,True
1719594079.177129,-0.0516,0.0,0.0394,0.0013,-0.0004,95.3327,False,-4.282,-6.2832,-10.0144,0.0001,-0.0057,103.99,True
1719594079.208577,-0.0515,0.0,-0.0295,-0.0021,-0.0006,95.5417,False,-4.589,-6.2832,-12.7374,-0.0032,0.0232,103.5062,True
1719594079.2380867,-0.0507,0.0,0.0184,0.0028,-0.001,96.2941,False,-4.9479,-6.2832,-15.5996,-0.0094,0.0957,103.1837,True
1719594079.267965,-0.05,0.0,0.0521,0.0062,-0.0001,97.3644,False,-5.3749,-6.2832,-17.7686,-0.0031,0.0546,102.7081,True
1719594079.297423,-0.0492,0.0,0.0817,0.0033,0.0005,98.9581,False,-5.768,0.0,-13.9208,-0.4434,8.5262,102.38,False
1719594079.3269615,-0.0487,0.0,0.1603,-0.0048,-0.0007,98.0675,False,-5.4437,0.0,21.5035,-0.0411,-0.6096,102.3331,False
1719594079.357304,-0.048,0.0,0.0363,-0.0078,-0.003,95.5835,False,-4.7591,0.0,20.2415,0.0045,0.0772,102.3331,False
1719594079.387562,-0.0471,0.0,0.0894,0.0017,-0.0003,94.4132,False,-4.3005,0.0,12.2372,0.0259,0.2842,102.4269,False
1719594079.4174495,-0.0468,0.0,-0.0441,-0.0013,-0.0012,94.246,False,-4.0393,0.0,6.2747,0.0288,0.1413,102.2862,False
1719594079.4470348,-0.0461,0.0,-0.0922,-0.0127,-0.0022,94.2042,False,-3.947,0.0,1.3349,0.0035,0.0013,102.5206,False
1719594079.4769661,-0.0474,0.0,-0.0756,0.0111,0.0011,94.246,False,-3.9386,0.0,0.2044,-0.005,0.0004,102.6612,False
1719594079.507169,-0.0484,0.0,-0.0989,-0.0,-0.0001,94.5804,False,-3.9396,0.0,-0.0972,0.0079,-0.001,103.0831,False
1719594079.5379205,-0.0499,0.0,0.0329,-0.0,0.0,94.5386,False,-3.9391,-6.2832,0.0266,0.0093,-0.0022,103.9362,True
1719594079.5678282,-0.0517,0.0,-0.0982,-0.0034,-0.0005,94.7058,False,-4.0032,-6.2832,-3.9426,-0.0007,0.0189,104.2588,True
1719594079.597547,-0.0526,0.0,-0.125,-0.0,0.0,94.9148,False,-4.1508,-6.2832,-7.2519,-0.0063,-0.0149,104.4737,True
1719594079.6282039,-0.0531,0.0,-0.0288,0.0012,0.0014,95.1237,False,-4.3832,-6.2832,-10.3087,0.0,0.0,104.5275,True
1719594079.6577437,-0.052,0.0,0.109,0.0047,0.0007,95.1655,False,-4.6699,-6.2832,-12.7258,-0.0078,0.052,103.8288,True
1719594079.6873085,-0.0513,0.0,0.0654,0.0034,0.0004,95.7089,False,-5.028,-6.2832,-15.0972,-0.0086,0.0946,103.3988,True
1719594079.7181387,-0.0507,0.0,0.0763,-0.0014,0.0001,96.8792,False,-5.4627,-6.2832,-17.2714,-0.0368,0.4746,103.13,True
1719594079.7482264,-0.0496,0.0,0.0558,-0.0,-0.0,97.9737,False,-5.8481,-6.2832,-12.49,-0.1299,1.4613,102.4737,True
1719594079.7780905,-0.0496,0.0,-0.0692,-0.0033,-0.0006,98.3019,False,-6.1054,0.0,-8.1442,-0.4781,6.5978,102.38,False
1719594079.807175,-0.0495,0.0,-0.0468,0.0098,0.0003,97.0046,False,-5.6933,0.0,22.5151,-0.023,-0.3606,102.38,False
1719594079.8375556,-0.048,0.0,-0.0324,0.0096,-0.0001,94.5386,False,-5.0138,0.0,19.8195,0.0126,0.2307,102.3331,False
1719594079.8676095,-0.0476,0.0,0.0505,-0.0099,0.0001,94.1624,False,-4.5866,0.0,10.9569,0.03,0.2976,102.4269,False
1719594079.8970459,-0.0464,0.0,-0.0313,-0.0079,-0.0004,94.1206,False,-4.3725,0.0,4.7154,0.0347,0.1205,102.4269,False
1719594079.9260185,-0.0465,0.0,-0.0187,-0.0036,0.0002,94.1206,False,-4.3104,0.0,0.4832,0.0039,-0.0005,102.4737,False
1719594079.9565427,-0.0479,0.0,-0.1001,0.0032,0.0004,94.1624,False,-4.3121,0.0,-0.0591,-0.0051,-0.0014,102.7081,False
1719594079.9866898,-0.0497,0.0,-0.2252,-0.0018,-0.0002,95.1237,False,-4.3101,0.0,0.1269,-0.0042,0.0,103.6137,False
1719594080.0167274,-0.0508,0.0,0.0924,-0.0014,0.0001,95.4999,False,-4.3088,-6.2832,0.0987,-0.0086,-0.0005,104.3125,True
1719594080.0476289,-0.0522,0.0,-0.0231,0.0025,-0.0009,95.4999,False,-4.3719,-6.2832,-3.7139,-0.004,0.0131,104.42,True
1719594080.0771863,-0.0527,0.0,-0.0014,0.0106,0.0008,95.9179,False,-4.515,-6.2832,-7.3065,0.0019,-0.0072,104.5812,True
1719594080.1067913,-0.0528,0.0,0.1053,-0.0047,-0.0006,95.8343,False,-4.7237,-6.2832,-9.7451,-0.005,0.0172,104.4737,True
1719594080.1359408,-0.0525,0.0,0.0632,-0.007,-0.0015,95.8761,False,-4.9962,-6.2832,-12.0904,-0.0241,0.1121,103.56,True
1719594080.1661665,-0.0508,0.0,0.0194,0.0143,0.0009,95.8761,False,-5.3383,-6.2832,-14.2249,-0.0115,0.1107,102.8956,True
1719594080.1961358,-0.0489,0.0,0.1481,-0.0,0.0,96.7538,False,-5.7302,0.0,-14.4298,-0.3886,7.5509,102.3331,False
1719594080.2392864,-0.0479,0.0,0.141,0.0048,0.0005,95.2491,False,-5.1924,0.0,19.6374,-0.015,-0.2009,102.38,False
1719594080.2707653,-0.048,0.0,0.0169,-0.0065,-0.0004,94.246,False,-4.7135,0.0,12.2645,0.0321,0.3424,102.4737,False
1719594080.3003423,-0.0471,0.0,0.062,-0.0,0.0,94.1624,False,-4.4892,0.0,4.9461,0.0231,0.0759,102.5675,False
1719594080.3303933,-0.0464,0.0,0.0915,-0.0097,0.0005,94.037,False,-4.4623,0.0,-0.22,-0.0086,0.0002,102.38,False
1719594080.3606799,-0.0474,0.0,-0.0449,0.0045,0.001,94.1206,False,-4.4584,0.0,-0.1644,0.0042,-0.0001,102.9894,False
1719594080.3919978,-0.049,0.0,-0.0656,-0.0096,-0.0015,94.4132,False,-4.4574,-6.2832,0.0676,-0.0042,0.0006,103.4525,True
1719594080.423041,-0.0508,0.0,-0.0967,-0.0014,0.0002,94.664,False,-4.5168,-6.2832,-3.8211,0.0063,-0.0039,104.0975,True
1719594080.4668882,-0.0522,0.0,-0.0177,0.0035,0.0005,95.0402,False,-4.7874,-6.2832,-9.7461,0.0162,-0.0754,104.5812,True
1719594080.497036,-0.0529,0.0,-0.0753,-0.0071,-0.0017,95.4163,False,-5.0652,-6.2832,-12.5295,0.0107,-0.0571,104.2588,True
1719594080.5269725,-0.0523,0.0,0.1044,-0.0022,-0.001,95.7089,False,-5.4097,-6.2832,-14.8127,0.0087,-0.0716,103.775,True
1719594080.5580904,-0.052,0.0,0.0086,-0.0073,-0.0009,96.4613,False,-5.7903,-6.2832,-12.7364,-0.1544,1.9729,103.2912,True
1719594080.5874186,-0.0505,0.0,0.0424,-0.0081,-0.0013,96.712,False,-6.0563,-6.2832,-8.4751,-0.1725,1.4341,102.5206,True
1719594080.6167045,-0.0496,0.0,-0.0251,-0.0033,-0.0006,96.5866,False,-6.2031,0.0,-4.7273,-0.433,4.4273,102.4737,False
1719594080.6462998,-0.0488,0.0,0.0597,-0.008,-0.0014,95.6671,False,-5.7618,0.0,21.6488,-0.0087,-0.1387,102.4737,False
1719594080.6765342,-0.0483,0.0,0.0479,-0.0032,-0.0007,94.246,False,-5.1523,0.0,17.6929,0.0232,0.3834,102.4269,False
1719594080.7062836,-0.0477,0.0,0.0719,-0.0017,0.0002,94.1624,False,-4.7611,0.0,9.9921,0.0341,0.2951,102.4269,False
1719594080.7367153,-0.0469,0.0,-0.0062,-0.0128,-0.0015,94.0788,False,-4.6103,0.0,2.3585,0.0174,0.0187,102.4269,False
1719594080.7661295,-0.0471,0.0,0.0205,-0.0018,0.0001,94.0788,False,-4.6087,0.0,-0.0427,-0.009,0.0003,102.4269,False
1719594080.7962177,-0.0478,0.0,-0.0986,0.0048,0.0,94.1206,False,-4.6092,0.0,0.0102,-0.0042,0.0,103.2912,False
1719594080.8272774,-0.0501,0.0,-0.0373,-0.0,0.0,94.246,False,-4.6085,-6.2832,0.0889,-0.0129,-0.0009,104.0437,True
1719594080.8576458,-0.0519,0.0,0.0278,-0.0056,-0.0019,94.5386,False,-4.6625,-6.2832,-3.0642,-0.0033,0.0048,104.5812,True
1719594080.8874793,-0.0527,0.0,0.0194,-0.0059,-0.0005,94.9148,False,-4.792,-6.2832,-7.3656,0.0167,-0.003,104.7962,True
1719594080.9166286,-0.0533,0.0,-0.0029,0.0058,0.0005,95.2073,False,-4.9903,-6.2832,-9.4029,-0.0032,0.0115,104.5275,True
1719594080.946459,-0.0535,0.0,-0.0642,-0.013,-0.0023,95.2073,False,-5.2525,-6.2832,-12.3188,-0.002,-0.0089,104.3125,True
1719594080.9765103,-0.0522,0.0,0.0152,0.0035,0.0007,95.4581,False,-5.5871,-6.2832,-14.3528,-0.0101,0.1262,103.7212,True
1719594081.0072024,-0.0515,0.0,0.0561,0.0082,0.0007,95.9597,False,-5.9214,-6.2832,-10.5893,-0.1495,1.445,102.8487,True
1719594081.036455,-0.0493,0.0,0.0353,0.0033,0.0006,95.9597,False,-6.1346,0.0,-6.521,-0.4201,4.7465,102.38,False
1719594081.0650704,-0.0489,0.0,0.0492,0.0097,0.0013,95.1237,False,-5.7491,0.0,19.8445,-0.023,-0.3121,102.4737,False
1719594081.095266,-0.0484,0.0,-0.005,-0.0064,-0.0016,94.246,False,-5.1751,0.0,16.8147,0.0196,0.3029,102.2394,False
1719594081.1255982,-0.0475,0.0,0.1835,-0.0017,0.0001,94.2042,False,-4.8024,0.0,9.3971,0.0254,0.1894,102.38,False
1719594081.1552932,-0.047,0.0,-0.0067,0.0066,-0.0002,94.1206,False,-4.6703,0.0,1.5139,0.0216,0.0088,102.5206,False
1719594081.1851113,-0.0474,0.0,-0.046,-0.0097,-0.0012,94.1206,False,-4.6585,0.0,0.0153,-0.004,-0.001,102.5675,False
1719594081.2160325,-0.0478,0.0,-0.0296,0.0032,0.0006,94.0788,False,-4.6578,0.0,-0.0402,-0.0085,-0.0005,103.4525,False
1719594081.246631,-0.0502,0.0,-0.0325,-0.0081,-0.0013,94.2878,False,-4.6563,-6.2832,0.0896,-0.0131,-0.0025,103.99,True
1719594081.2774892,-0.0516,0.0,-0.0304,-0.0034,-0.0006,94.3296,False,-4.714,-6.2832,-3.8236,0.0421,0.023,104.5275,True
1719594081.320871,-0.0528,0.0,-0.0086,0.0047,0.0005,94.9148,False,-4.9715,-6.2832,-9.2064,-0.0098,0.0414,104.6888,True
1719594081.351426,-0.0532,0.0,0.0091,-0.0107,-0.002,95.3327,False,-5.2549,-6.2832,-12.0489,-0.0124,0.1255,104.205,True
1719594081.3807447,-0.0523,0.0,-0.0205,-0.0022,-0.0012,95.2491,False,-5.5883,-6.2832,-14.5724,-0.0205,0.173,103.7212,True
1719594081.4117513,-0.0514,0.0,0.0145,0.0021,0.0005,95.7925,False,-5.9274,-6.2832,-10.3113,-0.1975,1.944,103.0831,True
1719594081.4568472,-0.0492,0.0,0.0506,0.0048,0.0007,95.6671,False,-6.2073,-6.2832,-3.7569,-0.175,0.663,102.3331,True
1719594081.4995246,-0.0488,0.0,0.0266,-0.0049,-0.0023,95.3327,False,-6.239,0.0,-0.0014,-0.3762,2.2123,102.4269,False
1719594081.5292966,-0.0486,0.0,0.0331,-0.0,0.0,94.7058,False,-5.8097,0.0,18.9104,-0.0221,-0.2968,102.38,False
1719594081.558791,-0.0478,0.0,-0.1216,0.0034,-0.0004,94.2878,False,-5.2931,0.0,15.1082,0.0181,0.2377,102.38,False
1719594081.6045008,-0.0466,0.0,0.0264,0.0061,0.0011,94.2878,False,-4.8395,0.0,6.0859,0.0298,0.137,102.38,False
1719594081.6341438,-0.0465,0.0,0.0429,-0.003,-0.0008,94.3296,False,-4.7589,0.0,-0.4508,0.0129,-0.0028,102.8956,False
1719594081.6648517,-0.0486,0.0,0.0287,0.0032,-0.0008,94.3296,False,-4.7596,0.0,0.1593,0.0083,0.0007,103.8288,False
1719594081.6961088,-0.0515,0.0,-0.1282,-0.0095,-0.0009,94.9984,False,-4.7561,-6.2832,0.094,0.0044,-0.0016,104.2588,True
1719594081.726527,-0.0525,0.0,-0.0149,-0.0094,-0.0011,94.9148,False,-4.8143,-6.2832,-3.7514,-0.0122,0.0093,104.635,True
1719594081.756442,-0.0542,0.0,-0.0929,0.0093,0.0001,95.2909,False,-4.9533,-6.2832,-7.3324,-0.0049,0.0078,104.7962,True
1719594081.7868366,-0.0535,0.0,-0.0026,0.0047,0.0002,95.2073,False,-5.158,-6.2832,-9.704,-0.0044,-0.0002,104.2588,True
1719594081.8158712,-0.0525,0.0,-0.024,-0.0,-0.0,95.2909,False,-5.4296,-6.2832,-12.654,0.0042,0.0954,103.6137,True
1719594081.8475735,-0.0517,0.0,-0.0003,-0.0,0.0,95.8761,False,-5.793,-6.2832,-12.7437,-0.1484,1.7348,102.9894,True
1719594081.8914618,-0.0493,0.0,0.0365,-0.0063,-0.0001,95.9597,False,-6.1562,-6.2832,-5.1209,-0.2522,1.6649,102.5206,True
1719594081.9207077,-0.0497,0.0,-0.0696,-0.0081,-0.0011,95.9597,False,-6.2538,0.0,-3.1365,-0.3625,2.8353,102.5206,False
1719594081.950119,-0.0494,0.0,0.0278,0.0144,0.0001,95.1237,False,-5.8262,0.0,20.3108,-0.0147,-0.2077,102.38,False
1719594081.9806867,-0.0482,0.0,-0.0846,0.0033,0.0008,94.3296,False,-5.2537,0.0,16.4872,0.026,0.4212,102.4737,False
1719594082.010006,-0.047,0.0,0.1395,-0.0031,-0.0007,94.1206,False,-4.8843,0.0,9.6614,0.0218,0.1943,102.5675,False
1719594082.040936,-0.0468,0.0,-0.0249,-0.0031,-0.0006,94.2042,False,-4.7208,0.0,2.6138,0.0212,0.0166,102.5206,False
1719594082.0709736,-0.0489,0.0,-0.1893,0.0,0.0,94.246,False,-4.7086,0.0,0.2694,-0.0003,-0.002,103.13,False
1719594082.1016085,-0.0499,0.0,-0.1284,0.0033,0.0003,94.3296,False,-4.709,-6.2832,0.0032,-0.0174,-0.0026,103.345,True
1719594082.13168,-0.0509,0.0,-0.0055,-0.0095,-0.0,94.246,False,-4.7691,-6.2832,-4.1506,0.023,-0.0038,104.3662,True
1719594082.1615627,-0.0521,0.0,-0.0195,0.0189,-0.0015,94.4132,False,-4.9074,-6.2832,-6.859,-0.0172,0.0467,104.6888,True
1719594082.1927319,-0.0531,0.0,-0.0061,0.0,0.0,95.1237,False,-5.126,-6.2832,-10.0242,-0.0149,0.0701,104.2588,True
1719594082.2235541,-0.0526,0.0,0.0695,-0.0106,-0.0009,95.1237,False,-5.4236,-6.2832,-12.8057,0.0009,-0.0027,103.8825,True
1719594082.2677412,-0.0517,0.0,0.0704,-0.0082,-0.0014,95.9179,False,-5.939,-6.2832,-10.426,-0.1681,1.8103,103.2912,True
1719594082.2970583,-0.0502,0.0,0.1124,-0.0081,-0.0009,95.8343,False,-6.1583,-6.2832,-6.2322,-0.2172,1.2747,102.5675,True
1719594082.3414955,-0.0494,0.0,0.0045,-0.0078,-0.0,95.4999,False,-6.2741,0.0,-0.4467,-0.3232,1.7101,102.4737,False
1719594082.3710427,-0.0488,0.0,0.0639,0.0064,-0.002,94.7894,False,-5.8258,0.0,19.9512,-0.0244,-0.3646,102.4737,False
1719594082.4015353,-0.0485,0.0,0.0306,-0.0032,-0.0005,94.2878,False,-5.2754,0.0,15.527,0.0166,0.2192,102.3331,False
1719594082.430905,-0.0473,0.0,0.1281,0.0031,0.0003,94.2042,False,-4.9289,0.0,9.2379,0.0352,0.0893,102.3331,False
1719594082.4604998,-0.0471,0.0,-0.0526,-0.0044,-0.0015,94.2042,False,-4.7645,0.0,2.7691,0.0266,0.0273,102.5675,False
1719594082.4907196,-0.0485,0.0,-0.0448,0.0048,-0.0,94.1624,False,-4.7596,0.0,0.299,0.0,-0.0,103.1837,False
1719594082.5212452,-0.05,0.0,-0.0856,0.0096,-0.0008,94.4132,False,-4.7596,-6.2832,0.2547,-0.0049,-0.0002,103.6675,True
1719594082.5513651,-0.0513,0.0,-0.0937,-0.0,0.0,94.4132,False,-4.8197,-6.2832,-3.5112,-0.0176,0.0458,104.42,True
1719594082.5817509,-0.0523,0.0,-0.0516,0.0035,0.0006,94.455,False,-4.9598,-6.2832,-7.1516,-0.0129,0.022,104.635,True
1719594082.6117973,-0.0531,0.0,-0.0187,-0.0047,-0.0003,95.1237,False,-5.1684,-6.2832,-9.5078,-0.0214,0.1045,104.3125,True
1719594082.641706,-0.0526,0.0,0.0484,0.0023,0.0006,95.0402,False,-5.4534,-6.2832,-12.557,-0.0189,0.1466,104.0975,True
1719594082.671655,-0.0519,0.0,0.0565,-0.0129,-0.0019,95.3327,False,-5.7932,-6.2832,-12.7518,-0.0863,0.9939,103.4525,True
1719594082.7025843,-0.0506,0.0,0.2158,-0.0076,-0.0001,95.7925,False,-6.0714,-6.2832,-7.8125,-0.1907,1.5235,102.9894,True
1719594082.7329946,-0.0498,0.0,0.0408,-0.0018,-0.0011,95.7507,False,-6.2173,-6.2832,-4.142,-0.173,0.5815,102.5206,True
1719594082.7614706,-0.0493,0.0,-0.0524,-0.0015,0.0002,95.3745,False,-6.241,0.0,-0.0278,-0.3892,2.205,102.38,False
1719594082.791099,-0.0487,0.0,0.0586,-0.0016,0.0002,94.8312,False,-5.7866,0.0,19.6174,-0.0327,-0.4545,102.38,False
1719594082.8216448,-0.0479,0.0,0.0994,0.0,0.0,94.2878,False,-5.2514,0.0,14.9761,0.0141,0.1945,102.2394,False
1719594082.852067,-0.0472,0.0,0.0916,0.0048,0.0005,94.2042,False,-4.9114,0.0,8.4488,0.0219,0.1564,102.38,False
1719594082.8804572,-0.0469,0.0,-0.0671,-0.0031,-0.0013,94.0788,False,-4.7728,0.0,2.2197,0.0216,0.0103,102.5675,False
1719594082.9112556,-0.0487,0.0,-0.0283,-0.016,-0.0001,94.2878,False,-4.7818,0.0,0.8234,0.0048,0.0004,103.2375,False
1719594082.9581757,-0.0508,0.0,-0.1505,-0.0068,-0.0013,94.4132,False,-4.7845,-6.2832,0.0381,-0.0015,-0.0021,103.99,True
1719594082.986585,-0.0514,0.0,0.0264,-0.0061,0.0004,94.2878,False,-4.8339,-6.2832,-3.6491,0.0123,-0.007,104.5275,True
1719594083.0176935,-0.0531,0.0,-0.142,0.0012,0.0008,94.7476,False,-4.9657,-6.2832,-6.7493,0.0018,0.0011,104.3662,True
1719594083.0472279,-0.0523,0.0,0.0985,-0.006,-0.0001,94.7058,False,-5.1648,-6.2832,-9.2774,-0.0163,0.0742,104.205,True
1719594083.076915,-0.0513,0.0,0.1917,-0.0103,-0.0028,94.5804,False,-5.4441,-6.2832,-12.4151,0.0035,-0.0217,103.5062,True
1719594083.1075327,-0.0515,0.0,-0.0282,0.0,0.0,95.1237,False,-5.7896,-6.2832,-12.3855,-0.1839,2.2006,102.9425,True
1719594083.1376119,-0.0505,0.0,0.0652,0.0014,0.0006,95.4163,False,-6.0615,-6.2832,-7.8892,-0.2181,1.9785,102.6144,True
1719594083.1664646,-0.0491,0.0,0.04,0.0049,0.0009,95.5835,False,-6.2136,0.0,-4.9488,-0.3853,3.5681,102.3331,False
1719594083.196228,-0.0491,0.0,0.0397,0.0096,-0.0001,95.0402,False,-5.7824,0.0,20.4321,-0.033,-0.2632,102.4737,False
1719594083.2264538,-0.0487,0.0,-0.045,0.0112,0.0009,94.4132,False,-5.2019,0.0,16.4299,0.0127,0.3961,102.4269,False
1719594083.2570908,-0.0476,0.0,0.0692,0.0,0.0,94.246,False,-4.8316,0.0,9.0042,0.0252,0.1921,102.4269,False
1719594083.2871158,-0.0474,0.0,-0.0466,0.0,-0.0,94.2042,False,-4.7146,0.0,1.1469,0.0086,-0.0003,102.6612,False
1719594083.3164918,-0.0484,0.0,-0.001,-0.0001,0.0008,94.246,False,-4.7127,0.0,-0.0341,-0.0033,-0.0015,103.5062,False
1719594083.348025,-0.05,0.0,0.0041,-0.0096,-0.0003,94.3714,False,-4.7113,-6.2832,0.0011,-0.0035,-0.0014,103.6675,True
1719594083.3779104,-0.0507,0.0,-0.0137,0.0028,-0.0012,94.4132,False,-4.7694,-6.2832,-3.8482,0.0049,-0.0042,104.205,True
1719594083.423439,-0.0521,0.0,-0.1258,-0.0,0.0,94.7476,False,-5.0458,-6.2832,-9.6617,-0.005,0.0362,104.2588,True
1719594083.466673,-0.052,0.0,-0.0264,0.0117,0.0011,95.3327,False,-5.5413,-6.2832,-15.4697,-0.01,0.0961,103.99,True
1719594083.496639,-0.0515,0.0,-0.0454,-0.0034,-0.001,95.8343,False,-5.8933,-6.2832,-11.3104,-0.1331,1.3404,103.13,True
1719594083.5270534,-0.05,0.0,0.0584,0.0062,0.0003,95.8761,False,-6.1319,-6.2832,-6.5813,-0.1513,0.9845,102.7081,True
1719594083.5569205,-0.0492,0.0,0.0237,-0.0065,-0.0015,95.5417,False,-6.2364,0.0,-3.0631,-0.3732,3.3976,102.5675,False
1719594083.5870006,-0.049,0.0,-0.0244,-0.0113,-0.0021,95.0402,False,-5.7891,0.0,20.5755,-0.0178,-0.2562,102.3331,False
1719594083.6160207,-0.0478,0.0,0.0424,0.0048,0.0004,94.2878,False,-5.2286,0.0,16.5541,0.023,0.3432,102.4269,False
1719594083.6468673,-0.0474,0.0,0.0719,-0.0062,-0.0015,94.2878,False,-4.8563,0.0,9.2885,0.0349,0.2813,102.4737,False
1719594083.6769848,-0.047,0.0,-0.1465,-0.0114,-0.0019,94.2042,False,-4.7231,0.0,1.0241,0.0199,0.0,102.755,False
1719594083.7077842,-0.0478,0.0,0.0166,0.008,0.0007,94.2042,False,-4.7337,0.0,-0.1568,0.0023,0.0007,103.3988,False
1719594083.7385654,-0.0497,0.0,-0.0776,-0.0117,-0.0042,94.3296,False,-4.7338,-6.2832,0.0782,0.0028,-0.0015,103.8825,True
1719594083.7680857,-0.0502,0.0,-0.0248,0.0033,0.0004,94.4132,False,-4.7919,-6.2832,-3.9659,0.0222,-0.0035,104.1512,True
1719594083.7997746,-0.051,0.0,-0.0239,0.0143,-0.0018,94.4132,False,-4.9374,-6.2832,-7.2856,-0.0039,0.0045,104.205,True
1719594083.843912,-0.0517,0.0,0.0151,0.0013,-0.0003,95.1237,False,-5.3222,-6.2832,-12.0377,-0.0321,0.2359,104.1512,True
1719594083.8880546,-0.0511,0.0,0.091,0.0068,0.001,95.8761,False,-5.8661,-6.2832,-11.8265,-0.1849,2.0482,103.345,True
1719594083.9187126,-0.0501,0.0,0.0922,-0.0048,-0.0006,95.8761,False,-6.1262,-6.2832,-7.333,-0.1962,1.4301,102.7081,True
1719594083.946817,-0.0492,0.0,0.0469,-0.0017,-0.001,95.4999,False,-6.2516,0.0,-3.9873,-0.3856,3.7319,102.4269,False
1719594083.9766288,-0.049,0.0,-0.0505,-0.008,-0.002,94.9148,False,-5.8315,0.0,20.4338,-0.0261,-0.3845,102.4269,False
1719594084.007155,-0.0483,0.0,0.001,0.008,0.0007,94.4132,False,-5.2496,0.0,16.6768,0.0238,0.3645,102.5206,False
1719594084.0374207,-0.0471,0.0,0.0887,-0.0031,-0.0007,94.3296,False,-4.8753,0.0,9.1991,0.038,0.3058,102.4269,False
1719594084.0669312,-0.047,0.0,-0.03,0.0048,0.0001,94.2042,False,-4.7329,0.0,1.9636,0.0027,0.0007,102.4737,False
1719594084.0972972,-0.0481,0.0,0.0081,0.0017,-0.0003,94.2042,False,-4.7362,0.0,-0.1063,-0.0181,-0.0056,103.0362,False
1719594084.1281512,-0.0497,0.0,-0.0817,0.0195,-0.0003,94.3714,False,-4.7356,-6.2832,0.0172,-0.0041,-0.0001,103.6675,True
1719594084.1578932,-0.0503,0.0,0.0659,-0.0062,0.0002,94.4132,False,-4.7959,-6.2832,-3.9212,0.0133,-0.0075,104.0975,True
1719594084.1876683,-0.0514,0.0,0.0431,-0.0013,-0.0006,94.4132,False,-4.9301,-6.2832,-7.1833,-0.0022,-0.0017,104.42,True
1719594084.2174478,-0.0521,0.0,-0.0395,-0.0,-0.0,94.9148,False,-5.1338,-6.2832,-10.0516,-0.0002,0.0018,104.3125,True
1719594084.2483027,-0.0515,0.0,0.0854,-0.0034,-0.0007,95.1237,False,-5.4195,-6.2832,-12.613,-0.0032,0.0429,103.8825,True
1719594084.2779334,-0.0516,0.0,-0.0072,-0.0185,-0.0037,95.5417,False,-5.7633,-6.2832,-13.552,-0.0707,0.7783,103.5062,True
1719594084.308074,-0.0508,0.0,0.0939,0.0014,-0.0004,95.8343,False,-6.0474,-6.2832,-8.4289,-0.1896,1.724,102.8487,True
1719594084.336594,-0.0489,0.0,0.0768,0.0064,-0.0005,95.5835,False,-6.2024,0.0,-5.2209,-0.4081,4.2089,102.5206,False
1719594084.3664703,-0.0486,0.0,0.068,0.008,0.0014,94.873,False,-5.7998,0.0,20.1118,-0.0266,-0.3716,102.38,False
1719594084.3962548,-0.0487,0.0,-0.0212,0.0032,-0.0009,94.4132,False,-5.2305,0.0,16.6329,0.0223,0.3194,102.2862,False
1719594084.4264498,-0.0476,0.0,0.0578,-0.0031,-0.0005,94.246,False,-4.8625,0.0,9.3674,0.0187,0.1684,102.2394,False
1719594084.4565868,-0.0472,0.0,-0.0003,0.0031,0.0005,94.2042,False,-4.7305,0.0,1.3147,-0.0026,-0.0013,102.5206,False
1719594084.487045,-0.0477,0.0,-0.0006,0.0031,0.0005,94.246,False,-4.7368,0.0,-0.166,-0.005,-0.0016,102.9894,False
1719594084.5182495,-0.0494,0.0,-0.1069,0.0048,0.0,94.4132,False,-4.7357,-6.2832,-0.0228,0.003,-0.0006,103.5062,True
1719594084.5480592,-0.0501,0.0,-0.043,-0.0014,0.0003,94.4132,False,-4.7952,-6.2832,-3.7433,0.0207,-0.0065,103.9362,True
1719594084.5779684,-0.0515,0.0,-0.0581,0.0082,0.0006,94.6222,False,-4.9286,-6.2832,-7.2706,0.0027,-0.0043,104.3125,True
1719594084.6082747,-0.052,0.0,-0.0516,-0.0057,-0.0017,95.1237,False,-5.1351,-6.2832,-9.6585,-0.0077,0.0397,104.42,True
1719594084.638004,-0.0518,0.0,0.0222,-0.0047,-0.0004,95.3745,False,-5.418,-6.2832,-12.7754,0.0029,-0.0162,103.8288,True
1719594084.6678424,-0.0515,0.0,-0.0655,-0.0013,0.0002,95.7089,False,-5.754,-6.2832,-13.8784,-0.0563,0.6118,103.2375,True
1719594084.6979856,-0.0507,0.0,0.0431,0.0095,0.0002,96.0015,False,-6.0419,-6.2832,-8.6727,-0.1963,1.7607,102.8019,True
1719594084.726775,-0.0493,0.0,0.0077,-0.0065,-0.0017,95.8761,False,-6.201,0.0,-5.3283,-0.41,4.2683,102.7081,False
1719594084.7573547,-0.0484,0.0,0.0988,-0.0016,-0.0,94.9566,False,-5.7744,0.0,20.427,-0.0204,-0.4141,102.38,False
1719594084.7871923,-0.048,0.0,0.0301,0.003,0.0005,94.3296,False,-5.2102,0.0,16.5509,0.0179,0.1263,102.3331,False
1719594084.8179703,-0.0477,0.0,0.0021,-0.0065,-0.0002,94.2878,False,-4.8396,0.0,9.0565,0.0397,0.3056,102.38,False
1719594084.8474023,-0.0465,0.0,0.1141,-0.0048,-0.0007,94.3296,False,-4.7246,0.0,0.2198,0.0119,-0.0014,102.5675,False
1719594084.8773005,-0.0476,0.0,-0.0039,0.0031,0.0006,94.2878,False,-4.7348,0.0,-0.2553,-0.0,0.0,102.8487,False
1719594084.9075027,-0.0486,0.0,0.0125,0.0048,0.0006,94.3296,False,-4.7342,0.0,-0.0668,-0.005,-0.0001,103.6137,False
1719594084.938921,-0.05,0.0,-0.0452,-0.0066,-0.0016,94.4132,False,-4.7342,-6.2832,-0.0211,0.0028,-0.0007,104.1512,True
1719594084.9682362,-0.0509,0.0,-0.049,0.0014,-0.0002,94.6222,False,-4.7912,-6.2832,-3.8024,0.0053,-0.0091,104.2588,True
1719594084.9984243,-0.0522,0.0,-0.0586,0.0047,0.0002,95.1237,False,-4.9271,-6.2832,-6.965,-0.015,0.0182,104.3662,True
1719594085.0283132,-0.0519,0.0,0.0147,0.0013,-0.0003,94.9566,False,-5.1314,-6.2832,-9.9469,-0.0122,0.056,104.1512,True
1719594085.0588298,-0.0512,0.0,0.031,0.0184,-0.0009,94.9984,False,-5.4172,-6.2832,-12.7703,-0.0119,0.0216,103.6137,True
1719594085.0891051,-0.0506,0.0,0.0968,0.0034,0.0002,95.4163,False,-5.7599,-6.2832,-13.4982,-0.0688,0.7756,102.9894,True
1719594085.1180034,-0.0505,0.0,-0.0366,0.0095,0.0001,95.7089,False,-6.0439,-6.2832,-8.7263,-0.1819,1.6312,102.755,True
1719594085.1478968,-0.0494,0.0,-0.0063,0.0111,-0.0006,95.8343,False,-6.2057,0.0,-5.2928,-0.3949,3.9265,102.4737,False
1719594085.17789,-0.0492,0.0,0.0155,0.0015,-0.0005,95.1655,False,-5.7851,0.0,20.1249,-0.0201,-0.3885,102.38,False
1719594085.2099895,-0.0481,0.0,0.0704,-0.0048,-0.0001,94.4968,False,-5.2034,0.0,16.1192,0.0174,0.3172,102.4269,False
1719594085.2387147,-0.0479,0.0,0.0096,-0.0161,-0.001,94.3296,False,-4.8496,0.0,8.8375,0.0374,0.2528,102.4737,False
1719594085.2688453,-0.0471,0.0,-0.0058,0.0097,-0.0006,94.246,False,-4.7291,0.0,0.873,0.0201,0.0022,102.4737,False
1719594085.2986984,-0.0482,0.0,0.0156,0.0032,0.0003,94.4132,False,-4.7368,0.0,-0.3034,-0.0041,-0.0012,103.1837,False
1719594085.3288562,-0.0498,0.0,-0.0492,-0.0018,-0.0012,94.3714,False,-4.7344,-6.2832,0.0679,0.0022,0.0005,103.7212,True
1719594085.359043,-0.051,0.0,-0.047,-0.0048,-0.0,94.4968,False,-4.7947,-6.2832,-3.9792,-0.0048,0.0034,104.3662,True
1719594085.3885708,-0.0517,0.0,0.0556,0.0095,0.0002,94.5804,False,-4.9302,-6.2832,-7.0216,0.0,0.0,104.6888,True
1719594085.4176407,-0.0521,0.0,0.1172,0.006,-0.0006,95.1237,False,-5.1246,-6.2832,-9.8312,0.0026,-0.0122,104.3125,True
1719594085.448267,-0.0519,0.0,0.0276,-0.0,-0.0,95.1655,False,-5.403,-6.2832,-12.6207,0.0179,-0.0617,103.775,True
1719594085.4792507,-0.0514,0.0,0.0324,-0.0021,-0.0012,95.4581,False,-5.7544,-6.2832,-13.4637,-0.0971,1.0104,103.13,True
1719594085.508827,-0.0509,0.0,0.0583,-0.0081,-0.0008,96.0433,False,-6.04,-6.2832,-8.4803,-0.2199,2.0537,102.8956,True
1719594085.5373812,-0.0492,0.0,0.0994,0.0079,0.0003,95.7925,False,-6.1986,0.0,-5.3637,-0.4122,4.3156,102.38,False
1719594085.5673769,-0.0491,0.0,-0.0256,0.0048,0.0,95.1237,False,-5.7822,0.0,20.2002,-0.018,-0.257,102.4269,False
1719594085.5989175,-0.0488,0.0,0.0045,0.0096,-0.0006,94.4132,False,-5.2005,0.0,16.0668,0.0212,0.2976,102.38,False
1719594085.6274822,-0.0478,0.0,0.1254,-0.008,-0.0005,94.3296,False,-4.8564,0.0,9.0835,0.0305,0.241,102.3331,False
1719594085.6576893,-0.047,0.0,0.0881,-0.0018,0.0003,94.3296,False,-4.73,0.0,1.5021,0.0153,0.0033,102.5206,False
1719594085.6874058,-0.0483,0.0,-0.055,-0.0064,0.0002,94.3296,False,-4.7358,0.0,-0.1513,-0.0082,-0.0036,102.9894,False
1719594085.718116,-0.0495,0.0,-0.0153,-0.0015,0.0003,94.4132,False,-4.735,-6.2832,-0.0596,0.005,-0.0001,103.345,True
1719594085.7477252,-0.05,0.0,0.0091,-0.0066,-0.0009,94.5386,False,-4.7906,-6.2832,-3.77,0.0117,-0.0021,104.1512,True
1719594085.7773101,-0.0515,0.0,-0.0002,0.0129,-0.0005,94.4968,False,-4.9219,-6.2832,-6.9204,-0.0098,0.0111,104.2588,True
1719594085.8071587,-0.0519,0.0,0.0581,-0.0082,-0.0001,95.2073,False,-5.1199,-6.2832,-9.5508,-0.0076,0.0554,104.5275,True
1719594085.8381305,-0.0522,0.0,-0.0017,-0.0117,0.0001,95.4163,False,-5.4072,-6.2832,-12.0791,-0.0085,0.1093,104.0437,True
1719594085.8687012,-0.0517,0.0,-0.0603,-0.0082,-0.0001,95.6671,False,-5.7488,-6.2832,-13.6209,-0.0727,0.7873,103.13,True
1719594085.9127238,-0.0501,0.0,0.0722,-0.0062,-0.0003,95.8761,False,-6.1407,-6.2832,-6.1483,-0.1974,1.3744,102.6144,True
1719594085.9419718,-0.049,0.0,0.107,-0.0079,-0.0006,95.7925,False,-6.247,0.0,-3.2788,-0.3842,3.3002,102.38,False
1719594085.972081,-0.049,0.0,0.0168,0.0031,-0.0007,95.1655,False,-5.8016,0.0,20.4249,-0.0192,-0.2868,102.4737,False
1719594086.0024078,-0.0485,0.0,0.0091,0.0064,0.0,94.3714,False,-5.2232,0.0,15.9169,0.0263,0.3645,102.4269,False
1719594086.033363,-0.0476,0.0,0.0739,-0.0114,-0.0008,94.3296,False,-4.8652,0.0,8.6159,0.0333,0.1883,102.38,False
1719594086.0629354,-0.047,0.0,0.0229,0.0062,0.0005,94.3296,False,-4.7482,0.0,0.2366,0.0078,-0.0002,102.6144,False
1719594086.0926943,-0.0483,0.0,-0.0107,0.0176,-0.001,94.246,False,-4.7611,0.0,-0.5271,0.004,0.0002,103.1837,False
1719594086.1247365,-0.0491,0.0,0.0888,0.0113,0.0004,94.4968,False,-4.7594,-6.2832,0.0164,0.0083,-0.0002,103.6675,True
1719594086.1551998,-0.0506,0.0,0.042,-0.0081,-0.0002,94.5804,False,-4.8215,-6.2832,-3.5102,-0.0181,0.0174,104.3125,True
1719594086.1848817,-0.0522,0.0,-0.1045,-0.0013,0.0002,94.7894,False,-4.9634,-6.2832,-7.183,-0.012,0.0311,104.5812,True
1719594086.2154968,-0.0524,0.0,0.0142,-0.0047,0.0,95.2491,False,-5.1826,-6.2832,-9.3129,-0.0428,0.2311,104.4737,True
1719594086.2302065,-0.0527,0.0,-0.0145,0.0024,-0.0008,95.2491,False,-5.288,-6.2832,-9.854,-0.0058,0.0,104.3125,True
1719594086.2610135,-0.0517,0.0,0.1099,-0.0142,-0.0008,95.2909,False,-5.5642,-6.2832,-12.1907,-0.014,0.1455,103.6675,True
1719594086.2907772,-0.0511,0.0,0.0586,-0.0034,-0.0004,95.7089,False,-5.8809,-6.2832,-11.3221,-0.1577,1.49,103.0362,True
1719594086.3216898,-0.0495,0.0,0.1809,-0.003,-0.0006,95.7507,False,-6.1191,-6.2832,-6.8801,-0.1284,0.9691,102.6612,True
1719594086.3512304,-0.0489,0.0,-0.0331,0.008,0.0001,95.5417,False,-6.227,0.0,-2.6096,-0.4339,3.5448,102.38,False
1719594086.3817258,-0.0492,0.0,-0.0119,0.0079,-0.0008,94.9566,False,-5.7742,0.0,19.7293,-0.0049,-0.0674,102.6612,False
1719594086.4102986,-0.0481,0.0,0.1027,-0.0032,-0.0004,94.455,False,-5.2571,0.0,15.5009,0.0093,0.3774,102.4737,False
1719594086.4416246,-0.0473,0.0,0.0997,0.0097,-0.0001,94.3296,False,-4.908,0.0,8.6013,0.0263,0.1906,102.4269,False
1719594086.4719992,-0.0468,0.0,0.0311,-0.0018,0.0,94.3714,False,-4.7695,0.0,1.6541,0.0133,0.0054,102.5675,False
1719594086.5011332,-0.0483,0.0,-0.0304,0.0016,-0.0004,94.246,False,-4.7686,0.0,0.1219,-0.0013,0.0005,103.2375,False
1719594086.5326285,-0.0493,0.0,0.0852,0.0048,0.0,94.4968,False,-4.7628,-6.2832,0.1598,0.0007,-0.0007,103.7212,True
1719594086.5629249,-0.0509,0.0,-0.0659,-0.0081,-0.0011,94.455,False,-4.8222,-6.2832,-3.3489,-0.0183,0.0209,104.3662,True
1719594086.5928237,-0.0519,0.0,0.0008,-0.0168,-0.0016,94.6222,False,-4.9633,-6.2832,-6.8434,-0.008,0.0221,104.635,True
1719594086.623334,-0.0526,0.0,-0.1097,0.0047,-0.0001,95.1237,False,-5.1749,-6.2832,-9.4534,-0.0219,0.125,104.5275,True
1719594086.6528218,-0.052,0.0,0.033,0.0013,-0.0001,95.1655,False,-5.4565,-6.2832,-12.7975,-0.0027,0.0266,103.99,True
1719594086.6827028,-0.0515,0.0,0.017,0.0034,0.0002,95.5835,False,-5.7995,-6.2832,-12.6544,-0.1523,1.7784,103.345,True
1719594086.7129645,-0.0511,0.0,-0.0843,-0.0034,-0.0004,95.9179,False,-6.0704,-6.2832,-7.8176,-0.196,1.6194,102.755,True
1719594086.7418683,-0.0491,0.0,0.0394,0.0048,-0.0001,95.6253,False,-6.2155,0.0,-4.9107,-0.3653,3.3284,102.5206,False
1719594086.7721617,-0.0491,0.0,-0.0256,-0.0032,-0.0006,94.873,False,-5.7761,0.0,20.096,-0.0152,-0.2248,102.5206,False
1719594086.8024983,-0.0488,0.0,-0.0534,-0.0096,-0.0004,94.5804,False,-5.229,0.0,15.9916,0.013,0.1899,102.4737,False
1719594086.8317096,-0.0482,0.0,-0.0172,0.0081,-0.0007,94.3714,False,-4.8831,0.0,8.6716,0.0426,0.3186,102.2862,False
1719594086.8619285,-0.0474,0.0,-0.0764,0.0003,-0.0012,94.4132,False,-4.7556,0.0,1.2399,0.0131,0.0022,102.5206,False
1719594086.8913245,-0.0474,0.0,0.1728,-0.0017,0.0,94.3296,False,-4.7618,0.0,-0.1755,-0.0139,0.0011,103.13,False
1719594086.9220004,-0.0491,0.0,0.0767,0.0065,0.0001,94.455,False,-4.761,-6.2832,-0.0195,-0.003,-0.0025,103.6675,True
1719594086.951411,-0.0499,0.0,0.0735,-0.0048,-0.0001,94.5804,False,-4.8185,-6.2832,-3.5262,-0.0111,0.0141,104.205,True
1719594086.9815848,-0.0512,0.0,0.0259,0.0014,-0.0002,94.5386,False,-4.959,-6.2832,-7.105,-0.0126,0.0261,104.205,True
1719594087.0112243,-0.0517,0.0,-0.0105,-0.0047,-0.0,95.3327,False,-5.1615,-6.2832,-9.7724,-0.0136,0.0694,104.4737,True
1719594087.0570803,-0.0515,0.0,0.0849,-0.0,0.0,95.9179,False,-5.6695,-6.2832,-14.32,-0.0557,0.6313,103.6137,True
1719594087.086724,-0.0511,0.0,0.0916,0.0048,-0.0001,96.2105,False,-5.9854,-6.2832,-9.5638,-0.1835,1.8613,103.0831,True
1719594087.117204,-0.0498,0.0,0.1291,-0.0003,-0.001,95.9179,False,-6.1695,-6.2832,-4.7279,-0.2227,1.0993,102.7081,True
1719594087.1609936,-0.0494,0.0,-0.0406,0.0096,-0.0,95.4163,False,-6.239,0.0,-0.3995,-0.3541,2.1,102.4269,False
1719594087.1906106,-0.0485,0.0,0.0336,0.0048,0.0001,94.8312,False,-5.8018,0.0,19.0318,-0.0164,-0.2333,102.2394,False
1719594087.2207813,-0.0484,0.0,-0.1078,0.0144,0.0002,94.4132,False,-5.2943,0.0,14.6409,0.0034,0.2063,102.38,False
1719594087.2499614,-0.0473,0.0,0.0029,0.0097,0.0004,94.3714,False,-4.9731,0.0,8.2893,0.0148,0.1141,102.4737,False
1719594087.279749,-0.047,0.0,-0.0245,-0.0,-0.0,94.3296,False,-4.8264,0.0,3.024,0.015,0.0233,102.6144,False
1719594087.3097732,-0.0483,0.0,-0.0311,-0.0048,-0.0001,94.4132,False,-4.8104,0.0,0.3543,-0.0036,-0.0002,103.3988,False
1719594087.3410256,-0.0497,0.0,-0.0573,-0.0033,-0.0009,94.5804,False,-4.8092,-6.2832,-0.1431,0.0045,-0.0009,103.6675,True
1719594087.3707192,-0.0516,0.0,-0.0759,0.0034,0.0002,94.664,False,-4.8663,-6.2832,-4.0059,0.0106,0.0011,104.3662,True
1719594087.4005108,-0.0521,0.0,-0.0148,-0.0107,-0.0006,94.9148,False,-4.9978,-6.2832,-7.148,-0.0039,0.0042,104.9037,True
1719594087.4304092,-0.0528,0.0,-0.0953,-0.0,0.0,95.3745,False,-5.204,-6.2832,-9.3278,-0.0306,0.1119,104.42,True
1719594087.4614463,-0.0526,0.0,-0.1154,0.0047,0.0002,95.4163,False,-5.4962,-6.2832,-12.3378,-0.0245,0.1728,103.99,True
1719594087.5051253,-0.0514,0.0,0.0357,-0.0129,-0.002,96.0851,False,-5.9819,-6.2832,-10.2142,-0.1594,1.5766,103.0831,True
1719594087.5347598,-0.0496,0.0,0.2445,-0.0048,-0.0005,95.8761,False,-6.1793,-6.2832,-5.5388,-0.165,0.8744,102.5675,True
1719594087.5648117,-0.0488,0.0,0.0813,0.0016,-0.0,95.4163,False,-6.2606,0.0,-2.3374,-0.3096,2.1968,102.38,False
1719594087.5943503,-0.049,0.0,-0.0143,0.0192,-0.0013,94.9148,False,-5.8405,0.0,19.6927,-0.0329,-0.4547,102.38,False
1719594087.6242905,-0.0482,0.0,0.088,0.0,-0.0013,94.455,False,-5.2948,0.0,15.7872,0.023,0.1539,102.3331,False
1719594087.654894,-0.0477,0.0,-0.042,-0.0031,-0.0007,94.4132,False,-4.9456,0.0,8.5126,0.0193,0.1498,102.5675,False
1719594087.683901,-0.0472,0.0,-0.0097,-0.0048,-0.0004,94.455,False,-4.7942,0.0,3.2042,0.0205,0.0117,102.5206,False
1719594087.7148218,-0.0483,0.0,-0.0591,0.0016,-0.0004,94.4132,False,-4.7852,0.0,0.2644,0.0121,-0.0017,103.1837,False
1719594087.7461262,-0.0493,0.0,-0.0046,0.0,0.0,94.5804,False,-4.7865,-6.2832,-0.0359,0.0,-0.0,103.5062,True
1719594087.7912846,-0.0514,0.0,-0.0212,0.0034,0.0002,94.5386,False,-4.9319,-6.2832,-6.6081,0.0127,-0.0143,104.42,True
1719594087.8210783,-0.052,0.0,0.0145,0.006,-0.0,94.664,False,-5.1319,-6.2832,-9.4396,-0.0073,0.0301,104.5812,True
1719594087.8655534,-0.0523,0.0,0.011,-0.0012,0.0001,95.6671,False,-5.6144,-6.2832,-14.1147,-0.0177,0.3124,104.2588,True
1719594087.8959625,-0.0518,0.0,0.0421,-0.0142,-0.0016,96.0851,False,-5.9454,-6.2832,-10.2036,-0.1696,1.6865,103.6137,True
1719594087.940405,-0.05,0.0,0.0735,0.0063,-0.0001,95.9179,False,-6.2122,-6.2832,-3.9081,-0.1696,0.6397,102.4737,True
1719594087.9832244,-0.049,0.0,0.0332,-0.0032,-0.0002,95.2491,False,-6.2397,0.0,-0.0001,-0.372,2.1355,102.38,False
1719594088.01255,-0.049,0.0,-0.0454,-0.0144,-0.0014,94.7894,False,-5.8213,0.0,18.1727,-0.021,-0.0958,102.5206,False
1719594088.0428188,-0.0484,0.0,0.0215,0.0064,0.0,94.5386,False,-5.3344,0.0,14.133,0.0076,0.0961,102.38,False
1719594088.072894,-0.0474,0.0,0.1162,0.0145,-0.0007,94.4132,False,-5.0173,0.0,8.1916,0.0251,0.1593,102.2862,False
1719594088.1020386,-0.047,0.0,-0.0104,-0.0093,-0.0007,94.4132,False,-4.87,0.0,3.142,0.0259,0.0309,102.5206,False
1719594088.1322453,-0.0481,0.0,0.0419,0.0032,-0.0011,94.5386,False,-4.8568,0.0,0.7625,0.0131,0.0007,103.13,False
1719594088.1617362,-0.0497,0.0,-0.0141,0.0048,0.0001,94.5804,False,-4.8579,-6.2832,0.1231,-0.0003,-0.0014,103.8288,True
1719594088.1929746,-0.0512,0.0,-0.057,0.0129,0.0004,94.5804,False,-4.9191,-6.2832,-4.2648,0.0314,0.0066,104.4737,True
1719594088.2224343,-0.0521,0.0,-0.0509,0.006,-0.0001,94.873,False,-5.0497,-6.2832,-6.9253,0.0015,-0.0005,104.7425,True
1719594088.251709,-0.0525,0.0,0.0661,-0.0035,-0.0005,95.3745,False,-5.2506,-6.2832,-9.5443,-0.0124,0.0096,104.5275,True
1719594088.2822704,-0.0528,0.0,-0.0863,-0.0024,-0.0002,95.4581,False,-5.5265,-6.2832,-12.2694,-0.008,-0.0226,104.0975,True
1719594088.312209,-0.0517,0.0,0.0513,0.0082,0.0004,95.7507,False,-5.8526,-6.2832,-11.9976,-0.1154,1.2015,103.5062,True
1719594088.3427572,-0.0507,0.0,0.0661,-0.0014,-0.0,95.9179,False,-6.1012,-6.2832,-6.9201,-0.2274,1.6766,102.8019,True
1719594088.3726096,-0.0492,0.0,-0.0106,-0.0081,-0.0003,95.6253,False,-6.2246,0.0,-3.4646,-0.4197,3.5432,102.38,False
1719594088.402899,-0.0494,0.0,-0.0411,-0.0033,-0.0001,94.7894,False,-5.7759,0.0,19.8594,-0.0176,-0.2697,102.2862,False
1719594088.432728,-0.0488,0.0,0.0055,0.0065,0.0005,94.5386,False,-5.2376,0.0,15.3874,0.0157,0.2075,102.4737,False
1719594088.4636178,-0.0476,0.0,0.12,-0.0017,0.0001,94.4968,False,-4.8985,0.0,8.0934,0.0283,0.2,102.4737,False
1719594088.492961,-0.0472,0.0,-0.0723,-0.0066,0.0002,94.455,False,-4.7807,0.0,1.5792,0.0126,0.0025,102.4269,False
1719594088.5240421,-0.0481,0.0,-0.003,0.0081,-0.0004,94.4132,False,-4.7881,0.0,-0.0728,0.0118,0.0004,103.0362,False
1719594088.554891,-0.0496,0.0,-0.0177,-0.0033,-0.0006,94.5804,False,-4.7871,-6.2832,-0.065,-0.0031,0.0005,103.775,True
1719594088.585976,-0.0506,0.0,-0.0222,0.0087,0.0006,94.664,False,-4.8501,-6.2832,-4.1829,0.0279,-0.0105,104.205,True
1719594088.615557,-0.0513,0.0,0.0094,0.0088,-0.002,94.7058,False,-4.9859,-6.2832,-6.9275,-0.005,0.0082,104.2588,True
1719594088.6459281,-0.052,0.0,-0.0313,-0.0,0.0,95.2491,False,-5.2039,-6.2832,-10.0341,-0.0136,0.0769,104.4737,True
1719594088.67562,-0.0519,0.0,0.0278,0.0013,-0.0003,95.4163,False,-5.4897,-6.2832,-12.8164,0.0014,-0.0107,104.1512,True
1719594088.7058263,-0.0514,0.0,0.1184,0.0048,0.0001,95.9179,False,-5.8276,-6.2832,-12.2342,-0.1133,1.2747,103.3988,True
1719594088.7359214,-0.0512,0.0,-0.0862,-0.0034,-0.0004,96.0015,False,-6.087,-6.2832,-7.2621,-0.2017,1.563,102.8019,True
1719594088.765315,-0.0494,0.0,-0.014,-0.0081,-0.0013,95.8761,False,-6.2184,0.0,-4.3592,-0.39,3.4153,102.4269,False
1719594088.7951045,-0.049,0.0,-0.0106,0.0079,-0.0008,95.1237,False,-5.7793,0.0,20.062,-0.0199,-0.2798,102.4737,False
1719594088.8248706,-0.0487,0.0,-0.0381,-0.0016,0.0002,94.455,False,-5.2289,0.0,15.9934,0.02,0.3523,102.2862,False
1719594088.8548236,-0.0472,0.0,0.1783,-0.0062,-0.0013,94.5386,False,-4.8807,0.0,8.3468,0.0329,0.1508,102.38,False
1719594088.8850608,-0.0471,0.0,0.0441,-0.0079,-0.0008,94.5386,False,-4.7734,0.0,-0.1589,0.0131,-0.001,102.6144,False
1719594088.9149623,-0.0476,0.0,0.0669,-0.0048,-0.0002,94.4132,False,-4.7869,0.0,-0.5045,-0.0081,0.0012,102.8019,False
1719594088.9450548,-0.0493,0.0,-0.0644,-0.0081,-0.0011,94.664,False,-4.7852,0.0,-0.0219,-0.0108,0.0014,103.3988,False
1719594088.9766812,-0.0503,0.0,-0.1167,0.0048,0.0001,95.2073,False,-4.7852,-6.2832,0.0545,0.0121,-0.002,103.6675,True
1719594089.0061803,-0.0511,0.0,0.0059,-0.002,-0.0009,96.2523,False,-4.8437,-6.2832,-3.9385,0.0221,-0.0093,104.0437,True
1719594089.0356498,-0.0523,0.0,-0.1177,0.0047,0.0006,97.5987,False,-4.9738,-6.2832,-6.7592,-0.0149,0.0322,103.8288,True
1719594089.0671139,-0.051,0.0,0.1368,-0.0034,-0.0007,98.5362,False,-5.1893,-6.2832,-9.3325,-0.0169,0.0812,103.4525,True
1719594089.0950046,-0.0503,0.0,0.0441,-0.0005,0.0004,99.755,False,-5.4494,-6.2832,-12.549,0.0024,-0.0073,102.9425,True
1719594089.1261442,-0.05,0.0,0.0341,0.0062,-0.0001,101.5362,False,-5.7938,-6.2832,-12.5368,-0.1539,1.6766,102.4269,True
1719594089.1551285,-0.0502,0.0,-0.0364,0.0158,-0.0013,103.0831,False,-6.0529,0.0,-8.4789,-0.4634,6.7623,102.2394,False
1719594089.1840549,-0.05,0.0,-0.0022,-0.0114,-0.0019,102.2394,False,-5.6267,0.0,24.242,-0.0332,-0.5939,102.38,False
1719594089.2145216,-0.0483,0.0,0.0281,0.0096,0.0008,99.0987,False,-4.8132,0.0,25.21,0.0094,0.1992,102.5206,False
1719594089.244541,-0.0484,0.0,-0.098,-0.0032,-0.0005,97.6456,False,-4.2392,0.0,15.7404,0.0461,0.666,102.3331,False
1719594089.2741683,-0.0465,0.0,0.0743,-0.0012,-0.0009,97.88,False,-3.9381,0.0,6.665,0.0302,0.1603,102.6144,False
1719594089.3046916,-0.048,0.0,-0.082,0.0047,0.0009,99.8956,False,-3.8565,0.0,-0.2755,0.0087,-0.0018,102.5675,False
1719594089.3338034,-0.0476,0.0,0.0603,0.008,0.0007,102.5206,False,-3.8595,0.0,-0.0111,-0.0045,-0.0,102.4269,False
1719594089.3639324,-0.0476,0.0,0.0121,0.0017,-0.0002,104.7962,False,-3.8377,0.0,2.4896,-0.0151,-0.0098,102.38,False
1719594089.3965933,-0.0469,-6.2832,0.0706,0.0074,0.0008,104.635,True,-3.6505,-6.2832,6.4768,0.0097,0.0275,102.2862,False
1719594089.441586,-0.2147,-6.2832,-7.2639,0.0132,-0.0225,103.6137,True,-3.561,-6.2832,-1.4656,0.1358,0.2232,102.4269,False
1719594089.4846134,-0.6239,0.0,-13.2864,-0.2727,4.5779,102.38,False,-3.6874,0.0,-6.476,-0.2292,2.3992,102.4269,False
1719594089.5146322,-0.707,0.0,3.433,-0.0042,-0.003,103.0362,False,-3.5752,0.0,7.7833,-0.0074,-0.0201,102.4269,False
1719594089.5444827,-0.5279,0.0,7.634,-0.0061,-0.0238,102.38,False,-3.4218,0.0,4.153,0.0055,0.0109,102.3331,False
1719594089.5759299,-0.2931,0.0,7.0441,-0.0019,-0.0108,101.0206,False,-3.3598,0.0,0.416,-0.0012,0.0007,102.3331,False
1719594089.6055007,-0.0965,0.0,6.057,-0.0,-0.0,99.755,False,-3.3639,0.0,-0.0708,0.0088,-0.0034,102.2862,False
1719594089.6341138,0.0391,0.0,3.3071,0.0177,0.0188,98.63,False,-3.3642,0.0,-0.0843,-0.0174,0.0013,102.2862,False
1719594089.6636825,0.0511,0.0,0.4409,0.0016,-0.0003,97.0882,False,-3.3656,0.0,-0.1004,-0.0044,0.0002,102.2862,False
1719594089.6931837,0.0486,0.0,-0.0366,0.0048,0.0005,96.0851,False,-3.3666,0.0,-0.1072,-0.0042,0.0006,102.38,False
1719594089.7233727,0.049,0.0,-0.0255,0.0109,-0.0025,95.6253,False,-3.3665,0.0,0.0156,-0.0,-0.0,102.4269,False
1719594089.7534015,0.0494,0.0,0.0648,-0.011,0.0011,95.8761,False,-3.3671,0.0,-0.0201,-0.0042,0.0,102.4269,False
1719594089.7825205,0.0494,0.0,0.0538,-0.0048,0.0006,96.6284,False,-3.3677,0.0,-0.0792,-0.0042,0.0007,102.3331,False
1719594089.812987,0.0497,0.0,0.0555,-0.0066,0.0002,97.6456,False,-3.3666,0.0,0.0301,0.0003,0.0006,102.4269,False
1719594089.843231,0.0504,0.0,0.0243,0.0096,-0.0014,98.5362,False,-3.3663,0.0,-0.0813,0.0007,0.0,102.4737,False
1719594089.8720832,0.051,0.0,0.0566,0.008,-0.0011,99.0519,False,-3.3657,0.0,0.0339,0.0044,-0.0006,102.38,False
1719594089.9021869,0.0511,0.0,-0.0307,-0.0112,0.0001,99.0987,False,-3.3657,0.0,-0.0584,-0.0002,-0.0007,102.4737,False
1719594089.9321532,0.052,0.0,0.0996,-0.008,0.0007,99.2394,False,-3.3658,0.0,0.0402,-0.0044,-0.0,102.38,False
1719594089.9629292,0.0521,0.0,0.0894,0.0,-0.0,99.0519,False,-3.3655,0.0,0.0767,-0.0,0.0,102.2862,False
1719594089.9930136,0.052,0.0,0.0822,-0.0015,-0.0001,98.8644,False,-3.3657,0.0,0.0403,-0.0043,0.0006,102.5206,False
1719594090.0228784,0.0515,0.0,-0.0164,-0.0032,0.0002,98.2081,False,-3.3657,0.0,0.0069,-0.0133,-0.0003,102.5206,False
1719594090.0530531,0.0512,0.0,-0.0892,-0.0016,0.0001,97.6456,False,-3.3666,0.0,-0.0821,0.0042,-0.001,102.38,False
1719594090.0832834,0.0517,0.0,0.0523,-0.0065,-0.0003,96.8374,False,-3.3666,0.0,0.0328,-0.0127,0.0017,102.3331,False
1719594090.1134083,0.0515,0.0,0.0624,-0.0081,0.0001,96.5448,False,-3.3671,0.0,-0.0026,-0.0045,0.0011,102.4269,False
1719594090.1438138,0.0516,0.0,0.0174,0.0032,-0.0001,96.5866,False,-3.3675,0.0,-0.0202,-0.0042,0.0006,102.1925,False
1719594090.1736472,0.0514,0.0,-0.0015,-0.0096,-0.0001,97.2237,False,-3.3671,0.0,0.0353,0.0042,-0.0008,102.4737,False
1719594090.2045863,0.0523,0.0,0.0285,-0.0017,0.0002,97.7394,False,-3.3663,0.0,0.1101,0.0002,0.0003,102.3331,False
1719594090.2347066,0.0528,0.0,-0.0071,-0.0097,0.0002,97.88,False,-3.3666,0.0,0.012,-0.0129,0.0008,102.4737,False
1719594090.26471,0.0529,0.0,-0.0345,-0.0048,0.0002,97.2706,False,-3.3668,0.0,0.0213,-0.0045,0.0001,102.5206,False
1719594090.2945995,0.0529,0.0,0.0168,0.0031,-0.0003,96.8374,False,-3.3674,0.0,-0.0194,0.0049,0.0003,102.4269,False
1719594090.3253949,0.0528,0.0,-0.0101,0.0035,-0.0004,96.4613,False,-3.3678,0.0,-0.1088,0.0042,-0.0016,102.38,False
1719594090.355737,0.0528,0.0,0.0694,0.0066,-0.0008,96.1687,False,-3.3679,0.0,-0.0249,-0.0087,0.0006,102.2394,False
1719594090.3856912,0.0528,0.0,0.0852,0.0048,-0.0003,96.0015,False,-3.368,0.0,-0.0124,-0.0033,0.0017,102.2862,False
1719594090.4156902,0.0526,0.0,-0.0442,0.0014,-0.0006,95.9179,False,-3.368,0.0,-0.0271,-0.0046,0.0,102.4269,False
1719594090.4465044,0.0528,0.0,-0.0251,0.0092,-0.0014,95.7507,False,-3.368,0.0,-0.0012,-0.005,-0.0012,102.38,False
1719594090.476035,0.053,0.0,-0.0296,-0.0061,-0.0004,95.6671,False,-3.3675,0.0,0.0651,0.0,-0.0,102.2394,False
1719594090.5064278,0.0532,0.0,0.0279,0.0048,-0.0004,95.3327,False,-3.3681,0.0,-0.034,-0.0037,0.0017,102.2394,False
1719594090.536038,0.0528,0.0,-0.0792,0.0097,-0.0009,95.1655,False,-3.3684,0.0,-0.0646,0.0091,-0.0005,102.2862,False
1719594090.5669212,0.0527,0.0,0.0223,-0.0031,0.0002,95.1237,False,-3.3681,0.0,0.0901,-0.0091,-0.0002,102.1925,False
1719594090.5967507,0.0523,0.0,0.021,-0.0097,0.0003,94.873,False,-3.3688,0.0,0.0851,-0.0046,0.0001,102.4269,False
1719594090.6269722,0.0523,0.0,0.0019,-0.0048,0.0005,94.7058,False,-3.3695,0.0,-0.0713,-0.0041,0.0009,102.4737,False
1719594090.6563044,0.0514,0.0,-0.111,-0.0032,-0.0002,94.5804,False,-3.3692,0.0,0.0258,0.0046,-0.0001,102.7081,False
1719594090.686554,0.0509,0.0,0.0218,0.0016,-0.0004,94.455,False,-3.3692,0.0,0.0402,-0.0046,-0.0,102.5206,False
1719594090.7160265,0.0517,0.0,-0.0118,0.0112,0.0006,94.5804,False,-3.3694,0.0,0.0077,0.0006,0.0005,102.4737,False
1719594090.745997,0.0522,0.0,-0.0148,0.0048,-0.0005,94.4968,False,-3.3691,0.0,0.0524,0.0092,-0.0009,102.5206,False
1719594090.776088,0.0519,0.0,-0.1063,-0.0032,0.0001,94.664,False,-3.3695,0.0,0.0341,-0.0029,0.0012,102.6144,False
1719594090.8062532,0.052,0.0,-0.0661,-0.0048,0.0003,94.5386,False,-3.3689,0.0,0.0599,0.0046,-0.0003,102.2862,False
1719594090.836568,0.0524,0.0,-0.0202,0.0079,-0.0008,94.5386,False,-3.3691,0.0,-0.059,-0.0041,0.0007,102.4737,False
1719594090.8659937,0.0534,0.0,0.0689,0.0042,-0.001,94.5386,False,-3.368,0.0,-0.0087,-0.0091,-0.0001,102.2862,False
1719594090.8954418,0.0536,0.0,0.0365,0.0049,-0.0005,94.4132,False,-3.3664,0.0,0.0424,-0.004,0.0006,102.3331,False
1719594090.9257677,0.053,0.0,-0.0534,0.0013,-0.0002,94.5386,False,-3.3656,0.0,0.0654,0.0044,-0.0002,102.4737,False
1719594090.9562037,0.0528,0.0,0.0621,0.0013,0.0005,94.6222,False,-3.3649,0.0,0.0209,0.0086,-0.0006,102.4269,False
1719594090.9864361,0.0534,0.0,-0.0564,-0.0067,0.0007,94.6222,False,-3.3649,0.0,-0.0256,0.0044,-0.0002,102.2862,False
1719594091.0159807,0.0527,0.0,-0.1036,-0.011,0.0007,94.6222,False,-3.364,0.0,0.0624,-0.0087,-0.0003,102.38,False
1719594091.0462835,0.0537,0.0,0.0798,-0.003,-0.0,94.7058,False,-3.363,0.0,-0.0284,-0.0044,0.0007,102.3331,False
1719594091.0756197,0.0536,0.0,0.0557,0.0042,-0.0012,94.6222,False,-3.3617,0.0,0.0781,-0.0,0.0,102.2862,False
1719594091.105891,0.0536,0.0,-0.0476,0.0079,-0.0008,94.664,False,-3.3598,0.0,0.0792,-0.004,-0.0,102.5206,False
1719594091.137416,0.0531,0.0,-0.1128,-0.0133,0.0011,94.5804,False,-3.3272,0.0,1.7872,0.0072,0.0018,102.2394,False
1719594091.1660068,0.0536,0.0,0.0279,0.0037,-0.0014,94.6222,False,-3.2929,0.0,-0.5746,0.0046,-0.0007,102.4269,False
1719594091.1963887,0.0527,0.0,-0.0714,0.0062,-0.0004,94.6222,False,-3.2895,0.0,0.1361,-0.0026,-0.0004,102.4737,False
1719594091.2267804,0.053,0.0,-0.0027,0.0031,-0.0005,94.5386,False,-3.2886,0.0,0.0582,-0.0027,0.0006,102.1925,False
1719594091.2566638,0.0524,0.0,0.0278,0.0031,-0.0,94.4132,False,-3.283,0.0,0.1952,-0.0036,0.0012,102.3331,False
1719594091.2875073,0.0518,0.0,-0.1125,-0.008,0.0004,94.455,False,-3.2174,0.0,3.038,0.0043,0.0,102.4737,False
1719594091.317396,0.0526,0.0,0.0412,-0.0013,-0.0006,94.4968,False,-3.1793,0.0,0.5086,-0.0013,-0.0004,102.3331,False
1719594091.3480713,0.0532,0.0,-0.0218,0.0133,-0.0032,94.3714,False,-3.1353,0.0,1.2125,0.0119,0.003,102.2862,False
1719594091.3782144,0.0535,0.0,0.0675,-0.0037,0.0006,94.4132,False,-3.1392,0.0,-0.2432,0.0101,0.0003,102.3331,False
1719594091.4083078,0.0528,0.0,-0.0866,-0.0005,-0.0006,94.4132,False,-3.1377,0.0,0.1281,-0.0007,0.0001,102.2862,False
1719594091.438663,0.0534,0.0,0.0018,-0.0006,-0.0009,94.455,False,-3.1377,0.0,-0.0177,0.0151,0.0007,102.3331,False
1719594091.4684668,0.0536,0.0,-0.0185,-0.0018,0.0001,94.5386,False,-3.1228,0.0,1.6144,-0.0086,-0.0047,102.38,False
1719594091.49864,0.0545,0.0,0.0519,0.0,-0.0,94.5804,False,-3.0399,0.0,1.801,0.0179,0.0046,102.1925,False
1719594091.5288699,0.054,0.0,-0.0947,-0.0019,-0.0,94.5804,False,-3.0417,0.0,-0.1766,0.0125,-0.002,102.4737,False
1719594091.5590582,0.0544,0.0,0.0766,0.003,-0.0002,94.5386,False,-3.041,0.0,0.1648,-0.0047,0.0001,102.4269,False
1719594091.5744581,0.0536,0.0,-0.0722,-0.0049,-0.0018,94.5386,False,-3.0423,0.0,-0.1204,-0.005,0.0004,102.2862,False
1719594091.6037865,0.0528,0.0,-0.0215,0.0048,-0.0004,94.455,False,-3.044,0.0,-0.0054,-0.0002,-0.0005,102.38,False
1719594091.6342125,0.0518,0.0,-0.086,0.0017,0.0013,94.5386,False,-3.0471,0.0,-0.2152,0.0029,-0.0002,102.3331,False
1719594091.6638012,0.0519,0.0,-0.1084,-0.0082,0.0002,94.5386,False,-3.0488,0.0,-0.0779,0.002,0.0008,102.3331,False
1719594091.6929183,0.0519,0.0,-0.0348,-0.0046,-0.0003,94.455,False,-3.0488,0.0,-0.0387,0.002,-0.0008,102.6144,False
1719594091.7242386,0.0442,0.0,-0.4991,-0.0046,0.0009,94.4968,False,-3.0807,0.0,-0.9411,-0.002,0.0014,104.205,False
1719594091.7544537,-0.0226,0.0,-3.4124,-0.0038,0.0033,94.5386,False,-3.0713,-6.2832,0.2893,0.0133,-0.0009,105.065,True
1719594091.785334,-0.1712,0.0,-6.7759,0.0274,-0.0824,97.9269,False,-3.1445,-6.2832,-3.6725,-0.0078,0.0091,104.9575,True
1719594091.8298483,-0.561,0.0,-6.1646,-0.0155,0.1216,110.2647,False,-3.4353,-6.2832,-9.8758,-0.0037,0.0181,104.6888,True
1719594091.8605921,-0.7192,-6.2832,-4.6409,-0.0047,0.0068,120.6775,True,-3.7373,-6.2832,-12.5017,-0.0353,0.2623,103.6137,True
1719594091.9049616,-1.0937,-6.2832,-11.9778,0.013,-0.087,138.0714,True,-4.3389,-6.2832,-17.9562,-0.0387,0.4831,102.4269,True
1719594091.934642,-1.4654,-6.2832,-14.856,0.0151,-0.1509,144.6942,True,-4.8301,-6.2832,-20.1757,-0.055,0.8052,102.4269,False
1719594091.9642596,-1.9232,-6.2832,-18.2089,0.0126,-0.1567,144.2364,True,-5.3206,-6.2832,-18.2215,-0.1311,1.9216,102.2862,False
1719594091.994385,-2.4677,-6.2832,-21.16,0.0107,0.1125,135.2744,True,-5.7303,-6.2832,-13.6601,-0.1863,2.2746,102.2862,False
1719594092.0244548,-3.1136,-6.2832,-23.9714,0.0025,-0.2396,122.5656,True,-6.0115,-6.2832,-9.2261,-0.17,1.3978,102.38,False
1719594092.0696394,-4.254,-6.2832,-27.3479,-0.1152,2.9344,105.71,True,-6.2208,-6.2832,-2.2419,-0.2659,0.9687,102.4269,False
1719594092.1005676,-4.9893,-6.2832,-22.3249,-0.163,3.5345,99.7081,True,-6.2375,-6.2832,0.3057,-0.1111,0.0716,102.4269,False
1719594092.1426265,-5.7939,0.0,-15.928,-0.3199,6.2121,94.7058,False,-6.2552,0.0,-0.6292,-0.2056,0.8203,102.38,False
1719594092.172621,-5.7023,0.0,13.1224,-0.067,-0.5188,93.9534,False,-5.9656,0.0,13.1827,-0.0087,-0.0686,102.5206,False
1719594092.2023785,-5.1485,0.0,20.484,-0.0368,-0.6262,94.037,False,-5.654,0.0,8.2605,0.0292,0.1837,102.4269,False
1719594092.2330346,-4.4804,0.0,22.4454,-0.0161,-0.268,94.0788,False,-5.4665,0.0,5.5642,0.0006,0.0018,102.5206,False
1719594092.262952,-3.8215,0.0,21.2904,0.0082,0.2122,94.2042,False,-5.2828,0.0,5.8184,-0.0,-0.0,102.4269,False
1719594092.2924178,-3.215,0.0,19.9688,0.0069,0.2617,94.2042,False,-5.1083,0.0,5.8861,-0.0086,-0.0209,102.4269,False
1719594092.3229985,-2.6269,0.0,19.2538,0.0029,0.0657,94.3296,False,-4.9328,0.0,6.3255,-0.0026,-0.0076,102.4737,False
1719594092.3526495,-2.0616,0.0,18.7453,0.0046,0.0666,94.246,False,-4.7133,0.0,7.7984,-0.0125,-0.0884,102.4737,False
1719594092.382944,-1.5181,0.0,17.4686,0.0033,0.0605,94.2878,False,-4.4424,0.0,9.4772,0.0083,0.0447,102.2394,False
1719594092.413703,-1.0193,0.0,15.7026,0.0109,0.2299,94.4132,False,-4.178,0.0,7.4907,0.0121,0.0478,102.3331,False
1719594092.4438937,-0.595,0.0,13.3989,0.0048,0.0524,94.4132,False,-4.025,0.0,4.0356,0.028,0.0529,102.2394,False
1719594092.473647,-0.1991,0.0,12.1187,0.0048,0.0503,94.4132,False,-3.9494,0.0,1.6583,0.0122,0.0027,102.2862,False
1719594092.5035613,0.1036,0.0,8.7523,0.0273,0.1877,94.5386,False,-3.9363,0.0,-0.1577,-0.0026,0.0001,102.2862,False
1719594092.5337605,0.2557,0.0,2.8105,0.0293,0.0321,94.4968,False,-3.9363,0.0,-0.0868,-0.0024,0.0005,102.2862,False
1719594092.5638232,0.2488,0.0,0.331,-0.0048,-0.0004,94.5386,False,-3.9377,0.0,-0.0174,-0.0055,-0.0002,102.4269,False
1719594092.5934067,0.2475,0.0,-0.0125,0.0069,0.0003,94.664,False,-3.9391,0.0,-0.0836,-0.0079,0.0002,102.3331,False
1719594092.6224966,0.2476,0.0,0.0044,-0.0047,-0.0008,94.664,False,-3.9395,0.0,0.026,-0.0029,-0.0002,102.1456,False
1719594092.6535137,0.2475,0.0,0.0244,0.0095,-0.0005,94.664,False,-3.9386,0.0,0.0278,0.0022,-0.0008,102.4737,False
1719594092.6839197,0.2413,0.0,-0.7069,-0.0032,-0.0005,94.6222,False,-3.9399,0.0,-0.0389,-0.01,0.0007,104.1512,False
1719594092.71451,0.0469,0.0,-10.0852,0.0177,-0.0942,94.6222,False,-3.9391,-6.2832,-0.119,-0.0,0.0,105.71,True
1719594092.744306,-0.3327,0.0,-13.7567,0.0064,-0.0329,94.7058,False,-4.0116,-6.2832,-4.3919,0.0178,-0.0116,106.3012,True
1719594092.774947,-0.8103,0.0,-18.7374,0.0121,-0.1858,97.1769,False,-4.167,-6.2832,-7.1831,0.0067,0.0043,105.6025,True
1719594092.819958,-1.6695,0.0,-16.0343,0.0001,0.0228,109.4725,False,-4.5671,-6.2832,-12.5018,-0.0275,0.3254,104.5275,True
1719594092.86581,-2.4404,-6.2832,-14.5107,-0.032,0.4004,114.7854,True,-5.2256,-6.2832,-17.9082,-0.1042,1.3254,102.7081,True
1719594092.9104006,-3.3304,-6.2832,-23.653,0.0147,-0.0857,115.6768,True,-5.8317,-6.2832,-11.7638,-0.2799,3.4444,102.38,False
1719594092.9548144,-4.4773,-6.2832,-27.228,0.0019,-0.0658,112.1748,True,-6.1657,-6.2832,-5.1782,-0.2541,1.1664,102.4269,False
1719594092.9999173,-5.4723,-6.2832,-18.2378,-0.1686,3.4282,109.6338,True,-6.2401,-6.2832,0.6289,-0.252,0.4084,102.2862,False
1719594093.0294216,-5.9874,-6.2832,-14.9173,-0.1589,2.5497,109.15,True,-6.2288,-6.2832,0.3129,-0.0369,-0.0025,102.38,False
1719594093.0598314,-6.3807,-6.2832,-11.7207,-0.1313,1.5484,108.8812,True,-6.2253,-6.2832,-0.3403,-0.1418,0.1034,102.5675,False
1719594093.104086,-6.7439,-6.2832,-4.6712,-0.1911,1.2118,108.8275,True,-6.2355,-6.2832,0.4185,-0.0706,0.0269,102.4737,False
1719594093.1337447,-6.8374,-6.2832,-1.4044,-0.1501,0.4267,107.4837,True,-6.2393,-6.2832,-0.0934,-0.147,0.1964,102.5675,False
1719594093.1785827,-6.7708,-6.2832,4.5569,-0.1299,0.048,104.205,True,-6.2411,-6.2832,0.3648,-0.0491,0.0167,102.4737,False
1719594093.2224174,-6.4576,-6.2832,9.3014,-0.0632,-0.1077,99.7081,True,-6.2444,-6.2832,0.3334,-0.0592,0.022,102.5206,False
1719594093.2517111,-6.2879,0.0,3.4334,-0.1732,0.1184,95.4163,False,-6.2569,0.0,-1.0063,-0.1617,0.5437,102.2862,False
1719594093.2817757,-5.9527,0.0,15.227,-0.0477,-0.4725,93.7862,False,-5.9773,0.0,12.0889,-0.0132,-0.0953,102.38,False
1719594093.3118975,-5.4578,0.0,16.8885,-0.0035,-0.222,93.7862,False,-5.6718,0.0,8.991,-0.0058,0.06,102.2862,False
1719594093.3423867,-4.8738,0.0,20.361,0.0062,-0.3122,93.6191,False,-5.4494,0.0,6.8449,0.0157,0.0401,102.6144,False
1719594093.3718965,-4.2153,0.0,23.1437,-0.0158,-0.5302,93.7862,False,-5.2699,0.0,5.6752,0.0002,0.0064,102.38,False
1719594093.4019856,-3.4871,0.0,24.4515,-0.0074,-0.0656,93.6609,False,-5.0897,0.0,6.1213,-0.0067,-0.0186,102.4737,False
1719594093.432418,-2.7719,0.0,23.0216,0.0048,-0.1752,93.7027,False,-4.8992,0.0,6.4108,0.0054,0.0117,102.3331,False
1719594093.462227,-2.1175,0.0,20.8783,-0.0064,-0.089,93.7862,False,-4.716,0.0,5.2343,-0.0006,0.0,102.38,False
1719594093.4924617,-1.5262,0.0,19.0216,0.0075,0.1409,93.6609,False,-4.5811,0.0,3.7508,0.0075,0.0099,102.4269,False
1719594093.522868,-0.9641,0.0,17.713,0.0073,0.0637,93.7862,False,-4.4631,0.0,3.6912,-0.004,-0.0037,102.38,False
1719594093.5531685,-0.4985,0.0,13.6177,0.013,0.2502,93.7862,False,-4.3539,0.0,3.7844,-0.0049,-0.0063,102.4269,False
1719594093.583548,-0.148,0.0,9.8701,0.0098,0.1049,93.6609,False,-4.2529,0.0,2.9092,-0.0031,-0.0024,102.8956,False
1719594093.6137545,0.0641,0.0,4.9285,0.0279,0.0984,93.828,False,-4.2351,0.0,-0.2995,-0.0105,0.0003,102.38,False
1719594093.6444466,0.0951,0.0,-0.4589,0.001,0.0001,93.7862,False,-4.2337,0.0,-0.0991,0.0,-0.0,102.4269,False
1719594093.6736698,0.0982,0.0,0.0275,0.0021,-0.0005,93.828,False,-4.2334,0.0,0.0195,0.0025,-0.0006,102.2862,False
1719594093.7042444,0.0984,0.0,0.0698,-0.0197,-0.0003,93.8698,False,-4.2343,0.0,-0.0645,0.0,-0.0,102.38,False
1719594093.7338088,0.0981,0.0,-0.0111,0.0,0.0,93.7862,False,-4.2339,0.0,0.0156,0.0,-0.0,102.2862,False
1719594093.7647455,0.0981,0.0,0.0327,-0.0047,-0.0002,93.9116,False,-4.2347,0.0,-0.1144,-0.0124,0.0013,102.1925,False
1719594093.795187,0.0963,0.0,-0.2184,-0.007,-0.0005,93.7862,False,-4.2343,0.0,0.0613,-0.0074,0.0012,104.9037,False
1719594093.8267548,-0.0443,0.0,-8.4532,0.0235,-0.0896,93.9116,False,-4.2329,-6.2832,0.1168,-0.005,0.0007,106.0863,True
1719594093.8720238,-0.6465,0.0,-17.344,0.0165,-0.2274,98.7237,False,-4.4051,-6.2832,-6.8879,-0.018,0.0324,106.2475,True
1719594093.9169636,-1.6795,0.0,-21.978,0.0,-0.0,109.15,False,-4.8011,-6.2832,-12.3019,-0.0133,0.0957,104.85,True
1719594093.9622986,-2.7221,-6.2832,-21.8921,-0.0081,0.1144,112.5569,True,-5.4204,-6.2832,-16.5573,-0.112,1.4982,102.7081,True
1719594094.007102,-3.9329,-6.2832,-30.5111,0.0177,-0.4147,109.8488,True,-5.9548,-6.2832,-9.4018,-0.3052,2.835,102.4269,False
1719594094.053364,-5.099,-6.2832,-22.1265,-0.0497,1.1082,107.2688,True,-6.2127,-6.2832,-3.6048,-0.2404,0.6762,102.4269,False
1719594094.0972586,-5.9474,-6.2832,-15.7114,-0.1358,2.2807,106.0863,True,-6.2132,-6.2832,0.7806,-0.0814,0.0325,102.4737,False
1719594094.1420941,-6.5207,-6.2832,-9.0706,-0.1887,2.2049,106.6237,True,-6.2192,-6.2832,0.652,-0.1493,0.0502,102.3331,False
1719594094.185914,-6.8129,-6.2832,-3.2187,-0.1732,0.8373,108.0212,True,-6.2328,-6.2832,0.3228,-0.0932,0.0599,102.3331,False
1719594094.2160332,-6.8672,-6.2832,-0.3563,-0.1028,0.1094,109.795,True,-6.2354,-6.2832,-0.0003,-0.1861,0.2402,102.4269,False
1719594094.2460556,-6.8266,-6.2832,2.9421,-0.1267,0.082,111.4745,True,-6.2354,-6.2832,0.6192,-0.0883,0.0436,102.4737,False
1719594094.2761672,-6.7058,-6.2832,5.5117,-0.0188,-0.0251,108.505,True,-6.2372,-6.2832,0.1986,-0.2047,0.2456,102.38,False
1719594094.3213484,-6.3745,-6.2832,6.3888,0.015,0.0681,100.88,True,-6.2405,-6.2832,0.5252,-0.074,0.0362,102.4269,False
1719594094.3635528,-6.2081,0.0,0.2152,-0.168,0.4404,93.8698,False,-6.2579,0.0,-0.4308,-0.1965,0.7153,102.4269,False
1719594094.3930998,-5.973,0.0,12.0546,-0.0171,-0.1276,92.6577,False,-5.9906,0.0,11.7849,-0.0079,-0.0535,102.2862,False
1719594094.4223056,-5.5821,0.0,14.3183,-0.0048,-0.0474,92.7413,False,-5.6992,0.0,8.5386,0.0195,0.1214,102.2862,False
1719594094.45261,-5.0743,0.0,18.5353,-0.0215,-0.3114,92.7413,False,-5.5052,0.0,5.6892,0.0127,0.0398,102.4269,False
1719594094.4828002,-4.4657,0.0,21.6124,-0.001,-0.2081,92.7413,False,-5.364,0.0,4.4455,-0.0005,0.0005,102.2394,False
1719594094.511941,-3.7769,0.0,23.7444,-0.0,0.0939,92.6995,False,-5.2179,0.0,5.6832,-0.0053,-0.0124,102.1456,False
1719594094.5423923,-3.066,0.0,22.9472,-0.0046,-0.0824,92.6995,False,-5.0302,0.0,6.2462,-0.0054,-0.0173,102.5206,False
1719594094.5729547,-2.4018,0.0,20.7604,0.0133,0.2119,92.6995,False,-4.8303,0.0,6.5225,0.0075,0.024,102.3331,False
1719594094.603429,-1.8062,0.0,18.1706,0.0005,-0.01,92.8667,False,-4.6707,0.0,4.134,0.0098,0.0141,102.1456,False
1719594094.6338315,-1.2966,0.0,16.0915,0.0108,0.1826,92.6995,False,-4.5629,0.0,3.469,0.0086,0.0062,102.38,False
1719594094.6637597,-0.8488,0.0,13.8082,0.018,0.2786,92.7413,False,-4.4724,0.0,1.6327,0.0083,0.0002,102.4269,False
1719594094.6939478,-0.4986,0.0,10.2559,0.0234,0.2078,92.6995,False,-4.4589,0.0,0.1675,-0.0034,-0.004,102.38,False
1719594094.7241418,-0.2498,0.0,6.684,0.0108,0.0594,92.7413,False,-4.4576,0.0,-0.0224,-0.026,-0.0021,102.4269,False
1719594094.7541502,-0.1769,0.0,-1.2739,0.0013,-0.0005,92.6995,False,-4.4572,0.0,0.069,0.0001,-0.0007,102.2394,False
1719594094.784675,-0.1759,0.0,0.0637,0.0094,-0.0,92.8667,False,-4.4581,0.0,-0.1119,0.0004,-0.002,102.2394,False
1719594094.8149388,-0.1757,0.0,0.0668,-0.0188,0.0005,92.8249,False,-4.4585,0.0,-0.0011,-0.0132,-0.0014,102.4269,False
1719594094.8442793,-0.1764,0.0,-0.0929,0.0094,-0.0017,92.8249,False,-4.4579,0.0,0.0543,-0.0002,0.0001,102.3331,False
1719594094.8746693,-0.1762,0.0,0.0073,0.0,-0.0,92.7831,False,-4.4579,0.0,0.0142,0.0046,-0.0007,102.38,False
1719594094.9032843,-0.1759,0.0,0.0734,0.0012,-0.0008,92.8249,False,-4.4593,0.0,-0.0802,-0.0129,-0.0008,102.3331,False
1719594094.9328694,-0.176,0.0,0.0153,-0.0024,0.0008,92.7831,False,-4.4605,0.0,0.0163,0.0037,0.0007,105.6562,False
1719594094.963919,-0.2242,0.0,-4.7444,0.0153,-0.0259,92.7831,False,-4.4589,-6.2832,-0.0342,0.0045,-0.0006,106.0863,True
1719594094.9930477,-0.4878,0.0,-10.9067,0.0319,-0.2908,99.4737,False,-4.5248,-6.2832,-4.0388,-0.0038,0.0029,106.2475,True
1719594095.0236602,-1.0252,0.0,-21.7796,0.0428,-0.6585,104.7962,False,-4.6581,-6.2832,-6.5762,-0.0128,0.0273,105.7637,True
1719594095.054378,-1.7077,-6.2832,-21.9701,0.0206,-0.4116,108.8812,True,-4.8638,-6.2832,-9.5039,-0.0157,0.0738,105.2262,True
1719594095.0995214,-2.8529,-6.2832,-27.6283,0.0433,-0.9746,109.7412,True,-5.3495,-6.2832,-14.4818,-0.0446,0.4457,103.345,True
1719594095.1300004,-3.7528,-6.2832,-31.711,0.0423,-1.1287,107.2688,True,-5.7195,-6.2832,-13.0577,-0.1777,2.0698,102.38,True
1719594095.1742802,-4.9431,-6.2832,-23.1909,-0.0376,0.7939,104.4737,True,-6.1055,-6.2832,-6.4584,-0.2673,1.6194,102.3331,False
1719594095.218531,-5.8654,-6.2832,-16.7981,-0.1706,3.337,102.9894,True,-6.2185,-6.2832,0.0751,-0.2968,0.7028,102.3331,False
1719594095.261968,-6.5157,0.0,-10.8485,-0.1626,1.9434,102.9425,False,-6.2192,0.0,-0.105,-0.5422,4.3751,102.4737,False
1719594095.290896,-6.6025,0.0,0.627,0.003,-0.0004,104.0975,False,-5.56,0.0,33.1205,-0.0613,-1.7905,102.38,False
1719594095.3229957,-6.5958,-6.2832,0.8385,-0.0041,-0.001,105.5488,True,-4.245,-6.2832,43.1959,-0.0097,-0.3745,102.4737,False
1719594095.3680248,-6.3915,-6.2832,7.5131,-0.1146,-0.0772,106.6775,True,-2.6134,-6.2832,33.4922,0.101,3.3562,102.38,False
1719594095.4127538,-6.2595,-6.2832,0.6377,0.0283,0.0443,104.0437,True,-1.2636,-6.2832,26.7419,0.1747,4.9256,102.1925,False
1719594095.457807,-6.2573,-6.2832,0.4711,-0.0658,0.0238,98.6769,True,-0.1866,-6.2832,20.3501,0.1488,3.3633,102.4269,False
1719594095.4998896,-6.2588,0.0,-0.0241,-0.2026,0.6858,94.5386,False,0.5709,0.0,14.955,0.1441,2.2549,102.2862,False
1719594095.5303519,-5.9317,0.0,17.0049,-0.0465,-0.5115,92.9503,False,0.6643,0.0,-4.8554,0.0118,-0.0129,102.2862,False
1719594095.5603492,-5.2607,0.0,25.1909,-0.0081,-0.2381,92.7413,False,0.5002,0.0,-3.8169,-0.0093,0.0082,102.2862,False
1719594095.5912735,-4.4367,0.0,27.6722,-0.0166,-0.4072,92.7831,False,0.4706,0.0,0.4352,0.013,-0.0003,102.2862,False
1719594095.62041,-3.6374,0.0,26.1111,0.0048,0.1705,92.6577,False,0.4698,0.0,0.0284,-0.0089,-0.001,102.4737,False
1719594095.650559,-2.878,0.0,23.6203,0.0068,0.1126,92.6577,False,0.4702,0.0,-0.0683,0.0086,-0.0005,102.2862,False
1719594095.6806564,-2.2301,0.0,20.7431,0.008,0.0843,92.6577,False,0.4678,0.0,-0.0662,-0.0045,-0.0001,102.2394,False
1719594095.710533,-1.6491,0.0,18.4004,0.0036,0.0319,92.5323,False,0.4672,0.0,-0.0257,0.0004,0.0006,102.38,False
1719594095.7403293,-1.1326,0.0,17.1531,0.0045,0.0897,92.6159,False,0.4662,0.0,-0.1117,0.0005,0.0007,102.1925,False
1719594095.770117,-0.6515,0.0,14.9663,0.0059,0.1077,92.6159,False,0.4666,0.0,0.0282,-0.0041,-0.0001,102.1925,False
1719594095.799832,-0.2619,0.0,12.084,0.0255,0.0382,92.5741,False,0.467,0.0,0.1098,0.0,0.0,102.0987,False
1719594095.8308787,0.0261,0.0,7.9133,0.0149,0.0769,92.5741,False,0.4665,0.0,-0.0687,0.0046,0.0003,102.4269,False
1719594095.8601048,0.1763,0.0,3.3101,0.0076,0.009,92.5741,False,0.4666,0.0,0.0201,-0.0,0.0,102.2394,False
1719594095.8893938,0.1754,0.0,0.3991,0.0104,0.0014,92.6159,False,0.4669,0.0,-0.0105,-0.0041,-0.0002,102.5206,False
1719594095.9205055,0.1734,0.0,-0.103,0.0036,0.0005,92.5323,False,0.4671,0.0,-0.0161,0.0,0.0,102.6612,False
1719594095.9507885,0.1667,0.0,-0.4353,-0.0083,0.0008,92.5741,False,0.4654,0.0,-0.1319,0.0081,-0.0005,103.8288,False
1719594095.9816523,0.098,0.0,-4.4934,0.0022,-0.0005,92.6577,False,0.4654,-6.2832,-0.0407,0.0092,0.0008,104.85,True
1719594096.0121937,-0.0511,0.0,-4.9533,-0.0177,0.0,92.6577,False,0.3871,-6.2832,-4.7146,0.0807,0.0315,105.3875,True
1719594096.0426676,-0.1948,0.0,-5.0941,0.0158,-0.0277,92.6577,False,0.2237,-6.2832,-7.5724,-0.0038,0.0315,105.8175,True
1719594096.0879755,-0.4236,0.0,-5.2513,0.0199,-0.0352,92.6159,False,-0.22,-6.2832,-13.5115,-0.0099,0.0769,105.925,True
1719594096.1184554,-0.5776,0.0,-4.7615,-0.0068,0.0333,92.6995,False,-0.6426,-6.2832,-16.6375,-0.0023,0.0046,106.0863,True
1719594096.1483881,-0.7161,0.0,-6.3643,0.0519,-0.1208,95.9179,False,-1.1463,-6.2832,-18.5987,-0.0097,0.1421,105.495,True
1719594096.1782534,-0.9434,0.0,-5.9271,-0.0236,0.088,102.2394,False,-1.7159,-6.2832,-21.0325,-0.0436,0.727,104.6888,True
1719594096.2080436,-1.0164,0.0,-1.6331,-0.0047,0.002,111.3471,False,-2.3339,-6.2832,-23.8125,-0.0341,0.683,103.9362,True
1719594096.2392175,-1.0143,-6.2832,0.0149,-0.0055,-0.0002,125.6338,True,-3.0621,-6.2832,-26.5432,-0.0744,1.8613,102.9894,True
1719594096.2696266,-1.0832,-6.2832,-4.2823,0.0343,-0.0009,141.2828,True,-3.8134,-6.2832,-28.8579,-0.0487,1.3079,102.2862,True
1719594096.3142252,-1.388,-6.2832,-10.4012,0.0032,-0.0144,150.187,True,-4.8806,-6.2832,-22.3863,-0.3029,6.481,102.4269,False
1719594096.3452628,-1.7233,-6.2832,-13.8706,-0.0049,-0.0361,125.4765,True,-5.4686,-6.2832,-18.3665,-0.2602,4.6182,102.5206,False
1719594096.3903549,-2.4265,-6.2832,-19.6987,-0.0044,0.036,101.0206,True,-6.1226,-6.2832,-12.1973,-0.203,2.8167,102.5206,False
1719594096.4333239,-3.3642,0.0,-25.5902,-0.3054,9.1379,92.5323,False,-6.5162,0.0,-7.1492,-0.2968,3.1626,102.4737,False
1719594096.4626987,-3.6505,0.0,1.3405,-0.0128,-0.006,91.5522,False,-6.2515,0.0,15.5256,-0.0125,-0.0948,102.3331,False
1719594096.4932582,-3.4307,0.0,8.671,-0.0024,-0.02,91.7041,False,-5.8618,0.0,10.2775,0.009,0.0863,102.2394,False
1719594096.5239189,-3.1083,0.0,11.808,0.0002,-0.0179,91.8218,False,-5.653,0.0,4.7041,0.0323,0.0892,102.2862,False
1719594096.5538914,-2.7588,0.0,11.0086,0.0038,0.0595,91.8636,False,-5.5431,0.0,4.0767,-0.0043,-0.0089,102.2394,False
1719594096.598489,-2.3052,0.0,10.2683,-0.0001,0.0198,91.989,False,-5.2552,0.0,7.249,-0.0215,-0.0331,102.38,False
1719594096.6282804,-2.0156,0.0,9.0361,0.0058,0.0508,92.1562,False,-5.0119,0.0,8.7889,-0.0082,-0.0422,102.38,False
1719594096.6585355,-1.7534,0.0,8.6986,0.0043,0.0219,92.0308,False,-4.7117,0.0,9.8816,-0.0035,-0.027,102.2862,False
1719594096.6887412,-1.5063,0.0,7.9714,-0.0062,0.051,92.1562,False,-4.4183,0.0,9.6234,-0.0073,-0.0515,102.38,False
1719594096.7179132,-1.2395,0.0,9.2611,-0.0062,-0.0433,92.2398,False,-4.159,0.0,7.7733,0.0219,0.1109,102.2862,False
1719594096.7491724,-0.94,0.0,9.4239,0.0015,0.0144,92.2816,False,-3.985,0.0,4.4652,0.0177,0.04,102.38,False
1719594096.7786207,-0.6559,0.0,9.5399,-0.0126,-0.0745,92.2398,False,-3.8876,0.0,2.237,0.0027,0.0014,102.3331,False
1719594096.808499,-0.3721,0.0,8.6976,0.0058,0.0247,92.4487,False,-3.8839,0.0,0.1097,-0.0074,0.0009,102.38,False
1719594096.8389535,-0.152,0.0,5.9372,0.0164,0.038,92.4905,False,-3.8865,0.0,-0.2089,-0.0026,0.0004,102.3331,False
1719594096.8690023,-0.0617,0.0,0.9163,0.0129,-0.0004,92.5323,False,-3.8865,0.0,-0.0979,0.0002,-0.0007,102.38,False
1719594096.8991506,-0.0511,0.0,0.0448,0.0034,0.0004,92.6159,False,-3.8878,0.0,-0.0429,-0.0,0.0,102.38,False
1719594096.9277058,-0.051,0.0,-0.0103,-0.0081,-0.0011,92.5323,False,-3.8872,0.0,0.0316,-0.0027,0.0003,102.2862,False
1719594096.957308,-0.051,0.0,-0.0523,0.0014,-0.0002,92.5741,False,-3.8862,0.0,0.1788,-0.0101,0.0003,102.4269,False
1719594096.986698,-0.0508,0.0,-0.006,-0.0034,-0.0006,92.6159,False,-3.8863,0.0,0.0196,-0.0149,-0.0002,102.2862,False
1719594097.0166302,-0.0518,0.0,-0.1117,-0.0,0.0,92.6159,False,-3.8861,0.0,0.0653,0.0001,-0.0007,105.28,False
1719594097.0471637,-0.1539,0.0,-7.409,0.0399,-0.1498,92.4905,False,-3.8844,-6.2832,0.0127,0.0101,-0.0017,106.7312,True
1719594097.0769312,-0.5089,0.0,-13.9524,0.0128,-0.1339,95.4163,False,-3.9522,-6.2832,-4.4856,-0.0015,0.0016,106.9463,True
1719594097.107113,-1.1278,0.0,-24.9658,0.0176,-0.3779,99.2862,False,-4.0949,-6.2832,-7.125,-0.002,0.0046,106.14,True
1719594097.137509,-1.8423,0.0,-21.652,-0.0185,0.3837,105.71,False,-4.3086,-6.2832,-10.1799,-0.0086,0.04,105.925,True
1719594097.168617,-2.5821,-6.2832,-26.1736,0.0123,-0.3452,107.6988,True,-4.5933,-6.2832,-12.0613,-0.0336,0.241,104.7425,True
1719594097.1826475,-2.9496,-6.2832,-24.3978,-0.0005,-0.0949,107.86,True,-4.7091,-6.2832,-11.7602,-0.0075,-0.0021,103.7212,True
1719594097.2134671,-3.7922,-6.2832,-29.5381,0.0194,-0.5172,107.43,True,-4.9952,-6.2832,-13.2759,-0.0085,0.0528,102.7081,True
1719594097.2437873,-4.6041,-6.2832,-25.6078,-0.1156,3.1985,106.0325,True,-5.338,-6.2832,-15.2072,-0.0148,0.1634,102.38,False
1719594097.2742014,-5.3288,-6.2832,-22.354,-0.045,0.7936,104.3125,True,-5.7083,-6.2832,-13.5884,-0.1513,1.7707,102.2394,False
1719594097.3036833,-5.9557,-6.2832,-18.4716,-0.0656,1.1842,103.56,True,-5.9889,-6.2832,-9.0325,-0.2134,1.8793,102.4269,False
1719594097.3318062,-6.4491,0.0,-14.5534,-0.1191,1.9234,103.56,False,-6.1367,0.0,-5.3356,-0.6268,8.3404,102.6144,False
1719594097.3614779,-6.7428,0.0,-5.8796,-0.0177,0.1691,104.0975,False,-5.4285,0.0,37.2299,-0.0836,-2.2058,102.5206,False
1719594097.3934305,-6.7559,-6.2832,1.9946,0.0,0.0,104.6888,True,-3.9938,-6.2832,45.9591,-0.0165,-0.6426,102.5206,False
1719594097.4236217,-6.6568,-6.2832,5.2078,-0.0953,-0.0103,105.3337,True,-2.7673,-6.2832,39.0715,0.1751,6.9817,102.38,False
1719594097.4531236,-6.4368,-6.2832,9.1854,-0.0703,-0.1016,103.8825,True,-1.6251,-6.2832,35.9772,0.1451,5.3107,102.38,False
1719594097.4816086,-6.2745,0.0,3.3973,-0.2374,0.3303,102.0519,False,-0.6424,0.0,32.9892,0.0793,2.6163,102.2862,False
1719594097.5114956,-5.9189,0.0,15.6113,0.002,0.0101,100.3175,False,0.0998,0.0,18.5952,0.0608,1.0783,102.4269,False
1719594097.5414476,-5.3644,0.0,20.9172,-0.0467,-0.718,99.0987,False,0.4821,0.0,9.4058,0.0325,0.2729,102.2862,False
1719594097.571715,-4.614,0.0,26.9192,-0.0109,-0.0818,97.0046,False,0.6162,0.0,0.7711,0.026,0.0021,102.4269,False
1719594097.6013045,-3.7655,0.0,29.0676,-0.0019,-0.1033,95.2909,False,0.5858,0.0,0.6118,-0.0083,-0.001,102.2394,False
1719594097.6311946,-2.9034,0.0,28.4759,0.0084,0.4819,93.2429,False,0.5915,0.0,-0.1341,0.0021,-0.0002,102.3331,False
1719594097.6609788,-2.1695,0.0,21.4464,0.029,0.5119,92.5741,False,0.5892,0.0,0.0957,-0.0,0.0,102.0987,False
1719594097.690927,-1.714,0.0,11.3764,0.0254,0.2939,92.4905,False,0.5913,0.0,-0.0194,0.003,-0.0006,102.3331,False
1719594097.7207825,-1.4812,0.0,6.0763,0.007,0.0643,92.5323,False,0.5914,0.0,-0.1056,-0.0029,0.0005,102.3331,False
1719594097.7512956,-1.3041,0.0,5.1938,0.0128,0.0299,92.5323,False,0.5896,0.0,-0.1284,0.0038,-0.0004,102.2394,False
1719594097.781564,-1.1182,0.0,6.8029,0.0013,-0.0227,92.5323,False,0.589,0.0,0.005,-0.0,0.0,102.2862,False
1719594097.811218,-0.9158,0.0,6.9578,-0.014,-0.0502,92.4487,False,0.5888,0.0,0.0959,-0.0032,0.0003,102.4737,False
1719594097.8415189,-0.7097,0.0,6.3881,0.004,0.0177,92.4905,False,0.5875,0.0,-0.1217,0.0049,-0.0007,102.2862,False
1719594097.8713968,-0.5333,0.0,6.0636,0.0021,0.0024,92.4487,False,0.5874,0.0,0.0448,0.0,-0.0,102.38,False
1719594097.9012332,-0.378,0.0,4.5236,0.0017,-0.0006,92.5323,False,0.588,0.0,-0.0193,-0.0082,0.0006,102.3331,False
1719594097.931596,-0.2598,0.0,3.0069,-0.0047,-0.0029,92.5323,False,0.5895,0.0,0.1074,-0.0031,0.0002,102.38,False
1719594097.9618402,-0.2441,0.0,0.2768,0.0049,-0.0005,92.4487,False,0.5905,0.0,0.0554,0.007,-0.0011,102.4269,False
1719594097.9920325,-0.2445,0.0,0.1001,0.003,-0.0027,92.4905,False,0.5906,0.0,-0.0264,-0.0041,0.0002,102.4737,False
1719594098.0223844,-0.2449,0.0,-0.0047,0.0018,-0.0004,92.5323,False,0.5911,0.0,-0.0302,0.001,-0.0005,102.6144,False
1719594098.0515394,-0.2539,0.0,-0.3425,0.0018,-0.0016,92.4905,False,0.5892,0.0,-0.0229,-0.0068,-0.0007,104.205,False
1719594098.0827556,-0.325,0.0,-3.2428,-0.0014,-0.0,92.6159,False,0.5894,-6.2832,-0.0435,-0.01,0.0007,105.2262,True
1719594098.1131198,-0.4235,0.0,-3.3073,0.0082,-0.0071,92.4905,False,0.5085,-6.2832,-4.5286,-0.0044,0.001,105.9788,True
1719594098.1428235,-0.5415,0.0,-4.6651,0.0018,-0.0045,92.4487,False,0.3416,-6.2832,-7.6284,0.013,-0.0452,106.4088,True
1719594098.1726522,-0.6859,0.0,-4.814,0.0044,-0.0074,92.4905,False,0.0898,-6.2832,-10.7843,-0.0018,0.0098,106.5163,True
1719594098.2032804,-0.8447,0.0,-5.3159,-0.0022,-0.0006,92.5323,False,-0.2445,-6.2832,-14.0267,0.0108,-0.0864,106.9463,True
1719594098.233039,-0.9953,0.0,-4.7513,-0.0011,0.0023,93.0757,False,-0.6652,-6.2832,-17.0883,0.0055,-0.0496,106.3012,True
1719594098.262862,-1.1951,0.0,-7.9964,-0.0018,0.0158,98.63,False,-1.1542,-6.2832,-18.5307,-0.012,0.1713,104.9037,True
1719594098.292838,-1.3472,0.0,-2.706,-0.0175,0.0128,105.71,False,-1.7037,-6.2832,-20.5485,-0.0472,0.7627,104.6888,True
1719594098.323531,-1.3928,-6.2832,-0.1483,0.0012,0.0005,115.1038,True,-2.3383,-6.2832,-23.4504,-0.0534,1.0559,103.56,True
1719594098.3535142,-1.5093,-6.2832,-5.7639,0.0014,0.004,125.2405,True,-3.0201,-6.2832,-25.8588,-0.0328,0.8057,102.5206,True
1719594098.3840277,-1.7055,-6.2832,-9.3346,0.0037,-0.0245,134.4456,True,-3.7582,-6.2832,-28.7273,-0.0766,2.0363,102.4269,False
1719594098.4137967,-1.9926,-6.2832,-12.2149,0.0165,-0.0971,136.7247,True,-4.4863,-6.2832,-25.8846,-0.1434,3.3019,102.2862,False
1719594098.443915,-2.3643,-6.2832,-15.4487,0.0093,-0.1968,121.4642,True,-5.1085,-6.2832,-20.7261,-0.1664,3.3951,102.4269,False
1719594098.4737942,-2.8213,-6.2832,-18.0882,0.0081,-0.0996,106.8925,True,-5.6162,-6.2832,-16.6211,-0.1362,1.9396,102.4269,False
1719594098.504637,-3.3566,-6.2832,-21.1642,0.004,-0.0788,96.712,True,-6.0067,-6.2832,-12.6797,-0.1357,1.6336,102.4269,False
1719594098.53265,-3.9605,0.0,-23.8057,-0.2953,8.1752,92.7831,False,-6.2743,0.0,-9.1097,-0.2854,3.6329,102.2394,False
1719594098.5625806,-4.1837,0.0,4.003,-0.0381,-0.0448,91.6281,False,-6.0258,0.0,15.2544,-0.0166,-0.1584,102.4269,False
1719594098.5928924,-3.9158,0.0,10.5408,-0.0176,-0.0827,91.78,False,-5.6339,0.0,10.1045,0.0201,0.1691,102.38,False
1719594098.6228204,-3.5184,0.0,14.6612,0.0074,0.1198,91.8636,False,-5.4445,0.0,4.4795,0.0248,0.0616,102.2862,False
1719594098.6526668,-3.0939,0.0,13.1499,0.0034,0.1062,91.9054,False,-5.3215,0.0,4.3239,-0.0093,0.008,102.2394,False
1719594098.667192,-2.8992,0.0,12.933,0.0083,0.08,91.989,False,-5.2517,0.0,4.941,-0.0032,0.0047,102.4269,False
1719594098.6974757,-2.5214,0.0,12.0065,-0.0033,-0.1158,92.0308,False,-5.0542,0.0,6.9766,0.0045,0.0206,102.4269,False
1719594098.7274477,-2.1684,0.0,10.9654,0.0048,0.0384,92.1144,False,-4.8334,0.0,8.0996,0.0118,-0.0509,102.4269,False
1719594098.757423,-1.858,0.0,10.0435,-0.0073,-0.0707,92.1562,False,-4.5755,0.0,8.6885,-0.008,-0.0462,102.38,False
1719594098.7874541,-1.5578,0.0,9.644,0.0089,0.0554,92.2398,False,-4.287,0.0,9.5428,-0.0188,-0.1151,102.3331,False
1719594098.817788,-1.2656,0.0,9.8875,-0.0036,-0.0284,92.198,False,-4.0261,0.0,7.4863,0.0101,0.0446,102.3331,False
1719594098.8475084,-0.9635,0.0,9.5108,-0.003,-0.0318,92.2816,False,-3.8487,0.0,4.2874,0.0133,0.0262,102.2862,False
1719594098.8781922,-0.6705,0.0,9.7869,-0.0035,-0.0272,92.2816,False,-3.7739,0.0,0.9933,-0.0026,0.0,102.4269,False
1719594098.9079401,-0.3864,0.0,8.8883,0.0098,0.0518,92.3234,False,-3.7381,0.0,-0.2536,0.0003,-0.0002,102.38,False
1719594098.9382403,-0.1754,0.0,5.4408,0.0083,0.0376,92.5323,False,-3.7375,0.0,0.1033,0.0024,-0.0001,102.38,False
1719594098.9684758,-0.1254,0.0,-0.7465,-0.0036,0.0001,92.6159,False,-3.7394,0.0,0.0037,-0.0101,-0.0016,102.38,False
1719594098.997946,-0.1239,0.0,0.0201,0.0037,0.0004,92.5741,False,-3.7422,0.0,-0.06,0.001,-0.0015,102.38,False
1719594099.0280879,-0.124,0.0,-0.0615,0.0037,-0.0008,92.6577,False,-3.7414,0.0,-0.008,0.015,0.0013,102.3331,False
1719594099.0587537,-0.1234,0.0,0.088,-0.0055,-0.0003,92.6577,False,-3.7407,0.0,0.1191,-0.005,-0.0008,102.3331,False
1719594099.0891495,-0.124,0.0,0.0412,0.0027,0.0007,92.5741,False,-3.7406,0.0,0.0237,-0.005,-0.0008,102.8019,False
1719594099.1189709,-0.1446,0.0,-2.1851,0.0117,-0.0168,92.6159,False,-3.7401,0.0,0.0414,0.0028,-0.0001,105.065,False
1719594099.149729,-0.3937,0.0,-10.7097,0.0181,-0.0419,92.5741,False,-3.7374,-6.2832,0.0766,-0.0049,-0.0008,106.5163,True
1719594099.1796336,-0.8146,0.0,-16.7193,0.0297,-0.353,96.8792,False,-3.8086,-6.2832,-4.6376,0.0177,-0.0009,106.0863,True
1719594099.2096517,-1.5118,0.0,-24.8171,0.0046,-0.0897,101.4894,False,-3.9528,-6.2832,-7.2801,-0.0165,0.0551,105.9788,True
1719594099.2397563,-2.1557,0.0,-20.9349,0.0006,0.0205,105.9788,False,-4.1656,-6.2832,-10.1865,0.0015,0.001,105.2262,True
1719594099.2708783,-2.8751,-6.2832,-23.7508,0.0034,-0.0295,107.86,True,-4.4511,-6.2832,-12.3231,-0.0008,0.1304,103.8288,True
1719594099.3159196,-4.0677,-6.2832,-29.3549,0.0108,-0.3087,107.6988,True,-5.0365,-6.2832,-17.2371,-0.0334,0.5575,102.4269,True
1719594099.3455753,-4.8436,-6.2832,-24.2622,-0.1185,2.8322,105.8712,True,-5.4779,-6.2832,-16.269,-0.1613,2.2231,102.38,False
1719594099.375503,-5.5332,-6.2832,-20.1279,-0.0211,0.3904,104.0975,True,-5.8397,-6.2832,-12.1403,-0.151,1.5025,102.38,False
1719594099.406731,-6.125,-6.2832,-16.4512,-0.1047,2.0193,103.8288,True,-6.0739,-6.2832,-7.2384,-0.2156,1.4446,102.38,False
1719594099.4344344,-6.5772,0.0,-13.5977,-0.0722,0.9718,103.99,False,-6.1744,0.0,-4.007,-0.6091,6.9614,102.2862,False
1719594099.4636886,-6.8077,0.0,-4.2312,-0.0336,0.0762,104.7962,False,-5.4615,0.0,36.9685,-0.0565,-1.42,102.5675,False
1719594099.495238,-6.801,-6.2832,2.2756,-0.0084,-0.005,105.5488,True,-4.0671,-6.2832,45.4027,-0.0228,-0.5311,102.38,False
1719594099.5263069,-6.6999,-6.2832,5.8559,-0.208,0.0467,105.2262,True,-2.8183,-6.2832,38.2316,0.1519,5.8577,102.4737,False
1719594099.5703278,-6.3722,-6.2832,7.1044,0.0145,0.0637,101.5831,True,-1.2286,-6.2832,32.6302,0.1607,5.2984,102.4269,False
1719594099.5985677,-6.2133,0.0,2.6934,-0.2006,0.1806,99.005,False,-0.3416,0.0,29.2963,0.13,3.8265,102.4269,False
1719594099.6285434,-5.8629,0.0,16.6844,-0.015,-0.2263,96.7956,False,0.2751,0.0,14.5219,0.031,0.8134,102.2394,False
1719594099.6583827,-5.2268,0.0,24.3932,-0.0219,-0.5125,95.7507,False,0.4756,0.0,2.2383,0.0493,0.0698,102.38,False
1719594099.6880934,-4.3759,0.0,30.5005,-0.0098,-0.2469,94.0788,False,0.4131,0.0,-1.6644,-0.0086,0.0014,102.38,False
1719594099.7181854,-3.4123,0.0,31.7827,-0.0054,-0.0996,92.6995,False,0.4176,0.0,0.1584,0.0003,-0.0005,102.38,False
1719594099.7488477,-2.5317,0.0,26.5188,0.0441,1.043,92.4905,False,0.4178,0.0,0.0496,0.0048,-0.0003,102.1925,False
1719594099.7786078,-1.9393,0.0,15.3457,0.0509,0.479,92.4487,False,0.4197,0.0,0.0478,-0.0087,-0.0016,102.38,False
1719594099.8093288,-1.5754,0.0,10.6683,0.0272,0.2383,92.4487,False,0.4203,0.0,-0.0469,0.0044,0.0003,102.4269,False
1719594099.8395576,-1.3005,0.0,8.3442,0.0129,0.0209,92.4905,False,0.419,0.0,-0.0157,0.0041,0.0007,102.4269,False
1719594099.8692133,-1.046,0.0,8.6795,0.0,0.0,92.4487,False,0.4177,0.0,-0.0339,0.0045,0.0004,102.2394,False
1719594099.8985727,-0.8013,0.0,8.0996,0.0006,0.0056,92.4487,False,0.4176,0.0,-0.0188,0.0,-0.0008,102.4269,False
1719594099.928874,-0.586,0.0,6.4089,-0.0076,-0.0288,92.4487,False,0.4171,0.0,-0.0292,-0.0041,-0.0009,102.2862,False
1719594099.959645,-0.393,0.0,6.1275,0.0097,0.03,92.4487,False,0.4171,0.0,0.0369,0.0004,-0.0005,102.38,False
1719594099.9894073,-0.2307,0.0,4.8019,0.0018,0.0019,92.4487,False,0.4175,0.0,0.0763,0.0042,0.0006,102.38,False
1719594100.0194209,-0.1679,0.0,-0.6863,0.0048,-0.0013,92.4487,False,0.4171,0.0,0.0084,-0.0,-0.0,102.1456,False
1719594100.0491126,-0.1718,0.0,0.1079,-0.0023,-0.0019,92.4487,False,0.4176,0.0,0.0092,0.001,-0.0012,102.4269,False
1719594100.0789423,-0.1721,0.0,0.0813,-0.003,-0.0007,92.4487,False,0.4179,0.0,0.0318,-0.0084,-0.0015,102.2394,False
1719594100.1084788,-0.1738,0.0,-0.2188,0.0046,-0.0008,92.4487,False,0.4169,0.0,0.0558,0.0004,-0.0004,104.3125,False
1719594100.138988,-0.2355,0.0,-3.8345,-0.0071,0.0054,92.2398,False,0.4164,-6.2832,-0.0571,0.005,0.0003,105.1725,True
1719594100.1694505,-0.3503,0.0,-3.739,-0.0083,0.0054,92.4487,False,0.3403,-6.2832,-3.6477,-0.01,0.0117,105.5488,True
1719594100.1987998,-0.4261,0.0,-2.8727,-0.0096,0.0072,92.5323,False,0.1718,-6.2832,-7.9933,0.0001,-0.0523,105.9788,True
1719594100.229084,-0.5436,0.0,-4.5394,0.008,-0.0108,92.4487,False,-0.0859,-6.2832,-10.9699,0.0051,0.0215,106.2475,True
1719594100.259486,-0.6909,0.0,-4.9619,0.0048,-0.0074,92.2816,False,-0.4227,-6.2832,-14.0732,-0.0044,-0.0,106.6237,True
1719594100.289067,-0.8363,0.0,-4.8674,-0.0057,0.0039,92.4487,False,-0.8478,-6.2832,-16.9732,0.0137,-0.1699,106.7312,True
1719594100.3197777,-1.0113,0.0,-7.7035,0.0478,-0.1558,95.2073,False,-1.3654,-6.2832,-19.3202,-0.0271,0.2761,105.28,True
1719594100.3503687,-1.2698,0.0,-6.7333,-0.0162,0.0808,102.38,False,-1.96,-6.2832,-22.1319,-0.0309,0.5418,104.7962,True
1719594100.3793843,-1.3849,0.0,-3.2315,0.0068,0.0016,111.4108,False,-2.5732,-6.2832,-24.9434,-0.0671,1.3126,103.8825,True
1719594100.4106708,-1.4089,-6.2832,0.0255,0.0027,-0.0005,125.7125,True,-3.291,-6.2832,-26.9637,-0.0289,0.7468,102.8956,True
1719594100.4406028,-1.4802,-6.2832,-4.109,0.0053,-0.0037,140.972,True,-4.0361,-6.2832,-28.2105,-0.1037,2.4284,102.1925,False
1719594100.470625,-1.6424,-6.2832,-8.1933,0.0107,-0.0191,149.8818,True,-4.7352,-6.2832,-23.8969,-0.1704,3.4804,102.4737,False
1719594100.5001833,-1.882,-6.2832,-10.7641,-0.0,0.0,133.7205,True,-5.2729,-6.2832,-19.4255,-0.1601,2.2256,102.38,False
1719594100.530636,-2.2175,-6.2832,-13.8953,0.021,-0.136,114.1487,True,-5.7127,-6.2832,-14.2907,-0.1617,2.0988,102.2862,False
1719594100.5606074,-2.6397,-6.2832,-16.6779,0.0117,-0.162,99.7081,True,-6.0332,-6.2832,-10.1815,-0.1602,1.6006,102.4269,False
1719594100.588643,-3.1197,0.0,-19.6827,-0.2797,6.4985,92.7413,False,-6.2317,0.0,-6.7161,-0.331,3.5449,102.2862,False
1719594100.6189442,-3.2884,0.0,3.5489,0.0105,0.0034,91.2484,False,-5.9029,0.0,17.2847,-0.0143,-0.1639,102.5675,False
1719594100.649383,-3.0862,0.0,6.9103,0.0098,0.0328,91.4383,False,-5.4571,0.0,11.8047,0.0277,0.2928,102.1925,False
1719594100.678829,-2.8167,0.0,10.0669,-0.0139,-0.077,91.6281,False,-5.244,0.0,4.424,0.0197,0.1014,102.2862,False
1719594100.7087874,-2.5317,0.0,8.4942,0.015,0.0389,91.7041,False,-5.1593,0.0,3.1291,-0.009,0.0032,102.4269,False
1719594100.7388718,-2.2611,0.0,9.6206,-0.009,-0.0468,91.7041,False,-5.0412,0.0,4.0563,0.0,0.0,102.38,False
1719594100.768356,-1.9962,0.0,8.4836,0.0061,0.0362,91.8218,False,-4.8858,0.0,5.5757,-0.0129,-0.0329,102.4269,False
1719594100.7986112,-1.7368,0.0,8.8664,0.0031,0.0134,91.8636,False,-4.69,0.0,6.6017,-0.0049,-0.0167,102.38,False
1719594100.8292286,-1.4896,0.0,7.7795,0.0027,0.0211,91.9054,False,-4.4598,0.0,8.0678,-0.014,-0.0,102.3331,False
1719594100.8590474,-1.251,0.0,7.8277,-0.0041,-0.0162,91.9054,False,-4.2165,0.0,7.9983,0.0056,0.0257,102.4269,False
1719594100.8899603,-0.9943,0.0,8.038,0.0071,0.0295,92.0308,False,-4.0129,0.0,5.5679,0.0094,0.0265,102.3331,False
1719594100.9196615,-0.7655,0.0,7.1362,0.0061,0.0176,92.1144,False,-3.871,0.0,3.9577,0.0085,0.0163,102.38,False
1719594100.9490285,-0.5496,0.0,7.4037,0.004,-0.0342,92.1562,False,-3.8043,0.0,2.2876,0.0094,0.004,102.38,False
1719594100.9802308,-0.3598,0.0,5.6684,0.0002,-0.0321,92.198,False,-3.7863,0.0,-0.1213,0.0025,-0.0012,102.2394,False
1719594101.0098152,-0.2357,0.0,2.6135,0.0094,0.0035,92.2816,False,-3.786,0.0,0.074,0.0026,0.0006,102.4269,False
1719594101.0395586,-0.2227,0.0,0.0619,0.0083,-0.0013,92.2816,False,-3.7887,0.0,-0.1324,0.0004,-0.0012,102.3331,False
1719594101.0698612,-0.2231,0.0,0.0186,-0.0,0.0,92.3652,False,-3.7935,0.0,-0.2286,0.0013,-0.001,102.38,False
1719594101.1001961,-0.223,0.0,0.0352,-0.0072,0.0007,92.4487,False,-3.7921,0.0,0.0888,-0.004,-0.0016,102.3331,False
1719594101.130069,-0.223,0.0,0.0365,-0.0031,-0.0003,92.3234,False,-3.7916,0.0,-0.0318,-0.007,-0.0015,102.4269,False
1719594101.1600115,-0.2234,0.0,-0.0164,0.0036,-0.0008,92.4487,False,-3.7919,0.0,-0.1659,-0.003,-0.0002,102.5206,False
1719594101.1897497,-0.2289,0.0,-0.8001,-0.0016,0.0002,92.4487,False,-3.7914,0.0,-0.0084,-0.005,-0.0007,104.1512,False
1719594101.2205856,-0.402,0.0,-8.6699,0.0278,-0.0956,92.4487,False,-3.7892,-6.2832,0.0019,-0.0028,-0.0,106.2475,True
1719594101.2508001,-0.7956,0.0,-16.6213,0.0235,-0.2849,95.4581,False,-3.8616,-6.2832,-3.9312,0.0001,0.0207,106.3012,True
1719594101.2798529,-1.4739,0.0,-24.4915,0.0154,-0.3264,100.6456,False,-4.0041,-6.2832,-7.0702,-0.019,0.0681,106.0863,True
1719594101.3105743,-2.1518,0.0,-22.6693,-0.0043,0.0904,105.4412,False,-4.2253,-6.2832,-10.0872,-0.0054,0.0293,105.6562,True
1719594101.341788,-2.9404,-6.2832,-26.7668,0.0177,-0.4444,107.0,True,-4.5208,-6.2832,-12.7109,-0.0046,0.0389,104.3125,True
1719594101.3715503,-3.7802,-6.2832,-29.6255,0.0069,-0.1935,106.0863,True,-4.8713,-6.2832,-15.2255,-0.0261,0.2378,102.8956,True
1719594101.4017093,-4.5928,-6.2832,-25.526,-0.1163,3.1365,105.1188,True,-5.2729,-6.2832,-17.5727,-0.0185,0.1998,102.4269,False
1719594101.4319801,-5.3206,-6.2832,-22.1222,-0.1027,2.3549,103.6675,True,-5.6683,-6.2832,-14.0315,-0.135,1.7005,102.4269,False
1719594101.4607859,-5.9394,0.0,-18.4903,0.0161,-0.3013,102.8956,False,-5.9563,0.0,-10.4516,-0.5837,10.9042,102.3331,False
1719594101.4910536,-6.4538,0.0,-14.5171,-0.0261,0.3197,102.8487,False,-5.3093,0.0,37.1035,-0.0998,-3.1511,102.6144,False
1719594101.5212414,-6.6503,0.0,0.4375,-0.0214,-0.0057,103.0362,False,-3.9678,0.0,45.2661,-0.0133,-0.365,102.5206,False
1719594101.5516596,-6.4678,0.0,7.6786,-0.0011,-0.0146,104.205,False,-2.6816,0.0,39.5017,0.0108,1.7325,102.4737,False
1719594101.5831156,-6.1364,-6.2832,14.0889,-0.0371,-0.3667,104.42,True,-1.6242,-6.2832,28.7479,0.0533,1.4329,102.38,False
1719594101.613129,-5.8681,-6.2832,6.9044,0.0109,0.0614,103.7212,True,-0.7139,-6.2832,27.9052,0.1307,3.7872,102.2862,False
1719594101.641224,-5.696,0.0,3.1865,-0.1653,0.1299,103.5062,False,0.0263,0.0,24.7832,0.0166,0.9267,102.4269,False
1719594101.6713157,-5.4348,0.0,10.0146,-0.0188,-0.1173,102.7081,False,0.6143,0.0,16.1846,0.0338,0.5051,102.38,False
1719594101.701117,-5.0734,0.0,14.526,-0.0439,-0.4357,100.8331,False,0.9643,0.0,8.7905,0.0277,0.1993,102.2862,False
1719594101.7311375,-4.5427,0.0,19.3111,-0.0217,-0.331,98.4425,False,1.0647,0.0,0.1671,0.0122,0.0006,102.4269,False
1719594101.7615016,-3.9114,0.0,21.1666,-0.0107,-0.0671,96.5866,False,1.049,0.0,0.1732,0.005,-0.0013,102.2394,False
1719594101.791338,-3.2874,0.0,20.152,0.0068,0.1431,94.4968,False,1.0445,0.0,0.1565,0.0071,-0.0016,102.5206,False
1719594101.82166,-2.7273,0.0,17.7729,0.0141,0.304,93.2011,False,1.0438,0.0,0.1155,0.013,0.0009,102.38,False
1719594101.8512115,-2.2798,0.0,13.2681,0.0196,0.2183,92.5741,False,1.0428,0.0,-0.0578,0.0019,0.0012,102.2862,False
1719594101.8809555,-1.9944,0.0,6.9786,0.0214,0.1196,92.5741,False,1.0428,0.0,-0.0434,-0.0062,-0.0006,102.4269,False
1719594101.9107988,-1.8267,0.0,4.9426,0.0123,0.0283,92.5323,False,1.0423,0.0,-0.0183,-0.0081,-0.0007,102.1925,False
1719594101.9413428,-1.6527,0.0,5.9012,0.0,0.0,92.5323,False,1.0404,0.0,-0.0675,-0.0,0.0,102.38,False
1719594101.9707847,-1.4646,0.0,6.6175,-0.0129,-0.051,92.4905,False,1.0397,0.0,-0.1262,-0.0049,-0.0005,102.2394,False
1719594102.0006895,-1.2703,0.0,5.9032,0.0031,0.0011,92.5741,False,1.0386,0.0,-0.1814,0.0064,-0.0002,102.38,False
1719594102.0457907,-0.985,0.0,5.6964,-0.0049,-0.0139,92.5323,False,0.9693,0.0,-3.5313,-0.0103,0.0066,102.4269,False
1719594102.0759635,-0.8273,0.0,4.8421,0.0118,0.0221,92.4487,False,0.909,0.0,-0.4032,-0.0086,-0.0001,102.2862,False
1719594102.1059716,-0.752,0.0,0.7273,0.0103,0.0015,92.5741,False,0.9166,0.0,-0.2066,-0.0054,0.0012,102.38,False
1719594102.1357095,-0.7365,0.0,0.2373,0.0028,-0.0002,92.5323,False,0.9175,0.0,-0.109,-0.0033,-0.001,102.2862,False
1719594102.1653898,-0.7361,0.0,0.0754,-0.0027,-0.0001,92.6159,False,0.9181,0.0,-0.0029,-0.0,-0.0,102.38,False
1719594102.1956706,-0.7367,0.0,-0.0525,-0.0028,0.0,92.5741,False,0.9178,0.0,-0.0132,0.0,0.0,104.0975,False
1719594102.2261045,-0.7418,0.0,-0.1403,0.0001,0.0001,92.4487,False,0.9178,-6.2832,0.0388,0.004,-0.0002,104.6888,True
1719594102.256285,-0.7462,0.0,-0.372,-0.0012,-0.0003,92.5741,False,0.8423,-6.2832,-4.7538,0.02,-0.0131,105.495,True
1719594102.2870598,-0.8176,0.0,-4.8936,0.0072,-0.0118,92.4905,False,0.6815,-6.2832,-7.3789,0.0048,-0.0153,105.925,True
1719594102.3169372,-0.9703,0.0,-4.9416,0.0033,-0.0061,92.5323,False,0.4379,-6.2832,-10.8853,0.005,-0.0268,106.3012,True
1719594102.347384,-1.1172,0.0,-4.6221,-0.0141,0.02,92.5323,False,0.0977,-6.2832,-13.9288,-0.0,-0.0007,106.785,True
1719594102.3781435,-1.2378,0.0,-3.7491,0.0048,-0.0025,92.5741,False,-0.3305,-6.2832,-16.9429,0.0172,-0.1675,106.5163,True
1719594102.406965,-1.3155,0.0,-2.6586,0.0036,-0.0025,97.88,False,-0.8094,-6.2832,-19.4241,-0.0095,0.0118,105.71,True
1719594102.4373393,-1.4789,0.0,-6.33,-0.0075,0.0183,100.88,False,-1.3854,-6.2832,-21.6228,-0.0403,0.3636,105.0112,True
1719594102.4672053,-1.5544,0.0,-0.5871,0.0043,0.0,107.43,False,-2.02,-6.2832,-23.9218,-0.0275,0.5212,104.4737,True
1719594102.4985833,-1.5625,-6.2832,-0.1363,0.0037,-0.0001,117.4596,True,-2.7586,-6.2832,-27.0098,0.007,0.5702,103.5062,True
1719594102.5279446,-1.6295,-6.2832,-4.5513,0.0149,-0.0059,128.9552,True,-3.4981,-6.2832,-29.2943,-0.015,0.7643,102.38,True
1719594102.5586073,-1.7865,-6.2832,-8.3142,0.0111,-0.0289,134.86,True,-4.2703,-6.2832,-26.5807,-0.2325,5.697,102.3331,False
1719594102.5895302,-2.0332,-6.2832,-10.7377,-0.0069,0.0,127.2073,True,-4.9524,-6.2832,-22.3222,-0.1842,3.4032,102.2862,False
1719594102.6187248,-2.3587,-6.2832,-13.9399,0.0134,-0.0911,111.6018,True,-5.475,-6.2832,-18.2636,-0.151,2.4128,102.1925,False
1719594102.6481206,-2.7669,-6.2832,-16.6822,0.0047,-0.0449,99.9894,True,-5.8952,-6.2832,-13.7577,-0.1465,1.8206,102.5675,False
1719594102.6770558,-3.2406,0.0,-19.3558,-0.2212,4.9831,94.455,False,-6.1987,0.0,-9.7623,-0.3651,5.0611,102.2394,False
1719594102.7066963,-3.4491,0.0,1.3184,-0.0096,-0.0056,91.8218,False,-5.9218,0.0,17.3581,-0.0179,-0.2129,102.2394,False
1719594102.736805,-3.2408,0.0,8.4583,-0.0225,-0.0839,91.6661,False,-5.4484,0.0,12.5673,0.0327,0.3651,102.4737,False
1719594102.766739,-2.9296,0.0,11.9114,0.0,0.0,91.6661,False,-5.2105,0.0,5.0326,0.0264,0.0959,102.38,False
1719594102.7971842,-2.5897,0.0,9.8045,0.0128,0.0891,91.8218,False,-5.1162,0.0,2.3243,-0.0143,-0.0102,102.4269,False
1719594102.8269215,-2.327,0.0,8.8964,0.0125,0.0759,91.9472,False,-5.0194,0.0,3.8073,-0.0039,-0.0013,102.2862,False
1719594102.8577871,-2.0521,0.0,9.2365,-0.0085,-0.0303,91.9054,False,-4.8439,0.0,6.5785,-0.001,-0.0399,102.4737,False
1719594102.8865714,-1.7999,0.0,7.7404,-0.0085,0.0062,91.9472,False,-4.6398,0.0,7.0563,-0.0149,-0.0593,102.2394,False
1719594102.9176638,-1.5628,0.0,7.6165,0.0102,0.0378,92.1144,False,-4.3974,0.0,8.253,0.0048,0.0078,102.38,False
1719594102.9475858,-1.3372,0.0,7.5347,-0.0083,-0.0425,92.198,False,-4.1424,0.0,8.4958,-0.0017,0.0086,102.2394,False
1719594102.9771595,-1.0897,0.0,8.39,0.0032,0.0144,92.3234,False,-3.9105,0.0,7.2403,0.0044,0.0554,102.2394,False
1719594103.0072823,-0.8597,0.0,7.7027,-0.0085,-0.041,92.3234,False,-3.7627,0.0,3.7305,0.0043,0.0077,102.2394,False
1719594103.037577,-0.6372,0.0,7.6252,-0.0049,-0.0216,92.3234,False,-3.7119,0.0,-0.3604,-0.0044,-0.0,102.2862,False
1719594103.0677488,-0.4102,0.0,6.8554,0.0086,0.0373,92.4487,False,-3.7128,0.0,-0.1432,-0.0088,-0.0018,102.2394,False
1719594103.0972362,-0.2579,0.0,3.5661,0.0134,0.0231,92.4487,False,-3.7116,0.0,0.0184,0.0131,0.0011,102.4737,False
1719594103.127007,-0.2399,0.0,-0.4543,0.0094,-0.0002,92.5741,False,-3.7136,0.0,-0.0833,0.0087,0.0002,102.4269,False
1719594103.156901,-0.2446,0.0,0.026,-0.003,0.0002,92.6159,False,-3.7145,0.0,-0.0221,0.0087,0.0003,102.2394,False
1719594103.1871693,-0.2445,0.0,-0.0243,-0.0,0.0,92.5741,False,-3.714,0.0,0.0921,-0.0085,-0.0008,102.1925,False
1719594103.2169862,-0.2445,0.0,0.0022,0.0018,-0.0005,92.6159,False,-3.7133,0.0,0.0433,0.0002,0.0002,102.4269,False
1719594103.2470922,-0.2446,0.0,0.0706,0.0049,-0.0004,92.5741,False,-3.7132,0.0,-0.0044,0.0,0.0005,105.8712,False
1719594103.2778308,-0.2982,0.0,-4.9325,0.0095,-0.0123,92.5741,False,-3.7116,-6.2832,0.1873,-0.0043,-0.0015,106.4625,True
1719594103.308717,-0.5819,0.0,-11.9451,0.0126,-0.1048,92.6577,False,-3.7825,-6.2832,-3.9428,-0.0107,0.015,107.0537,True
1719594103.3388195,-1.0535,0.0,-19.6888,0.0469,-0.6741,94.5804,False,-3.9347,-6.2832,-7.0182,-0.0075,0.0322,106.1937,True
1719594103.3686068,-1.7818,0.0,-23.0314,-0.0038,0.1888,101.5831,False,-4.1586,-6.2832,-10.4409,0.0041,-0.024,106.0325,True
1719594103.4134731,-2.7615,0.0,-23.55,0.0089,-0.1538,107.2688,False,-4.6594,-6.2832,-15.0649,-0.0379,0.3361,104.7425,True
1719594103.4441764,-3.5074,-6.2832,-23.9734,-0.009,0.1496,107.7525,True,-5.0809,-6.2832,-17.8134,-0.017,0.1961,102.8487,True
1719594103.4748747,-4.3169,-6.2832,-27.8874,-0.002,0.0258,106.785,True,-5.5289,-6.2832,-15.633,-0.1498,2.5171,102.2394,False
1719594103.5042582,-5.0424,-6.2832,-22.8385,-0.0759,1.6997,105.28,True,-5.865,-6.2832,-11.2468,-0.2252,2.1305,102.4269,False
1719594103.5356731,-5.6969,-6.2832,-19.1704,-0.0255,0.4461,104.0975,True,-6.0863,-6.2832,-6.8922,-0.2166,1.3939,102.4269,False
1719594103.5801358,-6.4091,-6.2832,-11.7412,-0.1756,2.6031,104.2588,True,-6.2124,-6.2832,-0.2457,-0.3235,0.8067,102.38,False
1719594103.6093478,-6.7393,-6.2832,-9.0035,-0.1604,1.5962,104.7425,True,-6.216,-6.2832,0.4059,-0.1622,0.0996,102.5675,False
1719594103.6392035,-6.9559,-6.2832,-5.5765,-0.1156,0.8187,105.495,True,-6.2183,-6.2832,-0.0122,-0.1601,0.1057,102.4269,False
1719594103.669363,-7.0805,-6.2832,-1.8353,-0.1536,0.6306,107.0537,True,-6.2261,-6.2832,-0.636,-0.0775,0.0609,102.6612,False
1719594103.6995702,-7.0996,-6.2832,0.6043,-0.0685,0.0565,108.6125,True,-6.2317,-6.2832,-0.2527,-0.1797,0.1629,102.4737,False
1719594103.715271,-7.0816,-6.2832,1.8764,-0.0668,0.0437,109.5263,True,-6.226,-6.2832,-0.7722,-0.0167,0.0007,102.4737,False
1719594103.759111,-6.8579,-6.2832,8.8989,-0.061,-0.1754,106.9463,True,-6.2381,-6.2832,-0.0175,-0.0307,0.0079,102.4269,False
1719594103.78957,-6.5747,-6.2832,11.8877,-0.0155,-0.0714,101.63,True,-6.2396,-6.2832,0.1604,-0.122,0.1624,102.5206,False
1719594103.8182638,-6.3429,0.0,5.9111,-0.1192,-0.0196,96.1687,False,-6.2439,0.0,0.1029,-0.3328,1.7556,102.5675,False
1719594103.8486006,-5.9672,0.0,16.3829,-0.0535,-0.6532,91.742,False,-5.866,0.0,15.6548,-0.0132,-0.1374,102.2862,False
1719594103.8789682,-5.3802,0.0,20.3486,-0.0095,-0.0358,91.4762,False,-5.4849,0.0,10.7681,0.0253,0.2367,102.2862,False
1719594103.908839,-4.7833,0.0,20.0619,-0.0129,-0.2087,91.5902,False,-5.2269,0.0,6.989,0.0186,0.0931,102.3331,False
1719594103.939327,-4.1493,0.0,21.171,-0.0087,-0.1275,91.6281,False,-5.0328,0.0,5.807,0.0023,0.0087,102.4737,False
1719594103.9692898,-3.4928,0.0,22.6167,-0.0035,-0.0488,91.5142,False,-4.8538,0.0,6.5061,-0.0082,0.0011,102.3331,False
1719594103.9991775,-2.7989,0.0,23.0104,0.0075,0.1124,91.5142,False,-4.649,0.0,6.8281,0.0015,0.0093,102.38,False
1719594104.0300632,-2.1655,0.0,19.1392,0.0082,0.1481,91.5142,False,-4.4264,0.0,7.2671,0.004,-0.0246,102.1925,False
1719594104.0593042,-1.6313,0.0,17.1198,0.0054,0.0738,91.4383,False,-4.2372,0.0,5.6567,0.02,0.0367,102.2862,False
1719594104.0899818,-1.1532,0.0,14.9052,0.0038,0.0307,91.4762,False,-4.109,0.0,3.5647,-0.0,0.0004,102.38,False
1719594104.1198783,-0.7618,0.0,11.7301,0.0173,0.1666,91.5142,False,-4.0542,0.0,2.0674,-0.0,-0.0,102.38,False
1719594104.149469,-0.4765,0.0,8.2866,0.0192,0.1151,91.5522,False,-4.0055,0.0,1.9265,0.0041,0.0024,102.4269,False
1719594104.1793563,-0.2823,0.0,5.5089,0.0126,0.043,91.6661,False,-3.9419,0.0,1.8483,0.0019,0.0003,102.2862,False
1719594104.209221,-0.1834,0.0,0.8424,0.0098,0.0009,91.6661,False,-3.9359,0.0,-0.121,-0.0025,0.0006,102.1925,False
1719594104.2392733,-0.197,0.0,0.2276,0.0096,0.0004,91.6281,False,-3.9374,0.0,0.0072,-0.0,-0.0,102.3331,False
1719594104.2695382,-0.1968,0.0,0.1135,0.0112,-0.0005,91.742,False,-3.937,0.0,-0.0163,-0.0074,0.0008,102.38,False
1719594104.2995718,-0.1972,0.0,0.0447,0.0144,-0.0009,91.6661,False,-3.9358,0.0,0.0729,0.0,-0.0,102.38,False
1719594104.3286116,-0.1978,0.0,-0.116,-0.0063,-0.0004,91.6281,False,-3.9358,0.0,0.0092,-0.0025,0.0005,102.5206,False
1719594104.3597116,-0.1976,0.0,-0.0896,0.0033,-0.0005,91.6661,False,-3.9367,0.0,-0.1035,-0.0,0.0,102.38,False
1719594104.3890646,-0.1978,0.0,0.0268,-0.0018,0.0003,91.6661,False,-3.9376,0.0,-0.0754,0.0174,-0.004,102.2862,False
1719594104.4190817,-0.1977,0.0,-0.0292,-0.0063,0.0001,91.6661,False,-3.9396,0.0,-0.0658,0.0008,0.0004,102.2862,False
1719594104.448985,-0.2085,0.0,-1.1333,0.0044,-0.0018,91.7041,False,-3.9379,0.0,-0.0852,-0.0105,0.0004,104.3125,False
1719594104.480047,-0.4424,0.0,-11.2694,0.0564,-0.3805,97.4581,False,-3.9348,-6.2832,0.4639,-0.0101,-0.001,105.3875,True
1719594104.509665,-1.0168,0.0,-23.0647,0.0436,-0.7729,105.1188,False,-3.9913,-6.2832,-4.0648,0.0193,0.0048,105.8712,True
1719594104.5405014,-1.7461,-6.2832,-24.1747,-0.0038,0.0701,108.5588,True,-4.1155,-6.2832,-7.1045,0.0152,-0.0114,105.6025,True
1719594104.5713313,-2.536,-6.2832,-28.3538,0.1097,-2.2133,111.0288,True,-4.3067,-6.2832,-9.541,-0.0218,0.0747,104.4737,True
1719594104.600549,-3.4207,-6.2832,-31.9064,0.0754,-1.7491,108.8275,True,-4.5441,-6.2832,-11.4728,-0.0227,0.1182,102.8019,True
1719594104.6312466,-4.3225,-6.2832,-26.863,-0.1738,5.2318,106.6237,True,-4.8496,-6.2832,-13.9108,-0.0256,0.2212,102.2394,False
1719594104.6615415,-5.1234,-6.2832,-25.1005,-0.0449,1.2031,104.9575,True,-5.2127,-6.2832,-16.2564,-0.02,0.205,102.3331,False
1719594104.691508,-5.8126,-6.2832,-20.5662,-0.1091,2.514,103.6137,True,-5.6102,-6.2832,-14.4838,-0.1827,2.324,102.5206,False
1719594104.7203782,-6.378,0.0,-16.7464,-0.074,1.238,102.8956,False,-5.9113,0.0,-10.8865,-0.6279,11.7665,102.4737,False
1719594104.7657707,-6.8587,0.0,-3.8361,-0.0604,0.1259,103.0831,False,-4.6397,0.0,44.0811,-0.0512,-1.6506,102.3331,False
1719594104.7947168,-6.7697,0.0,4.3367,-0.0045,-0.0075,103.99,False,-3.3208,0.0,43.5399,0.0173,0.8833,102.5206,False
1719594104.8241925,-6.5771,0.0,8.9027,-0.0224,-0.1044,104.5812,False,-2.1586,0.0,35.4204,0.058,1.9159,102.2862,False
1719594104.856484,-6.1234,-6.2832,18.8993,-0.0321,-0.485,103.99,True,-1.2659,-6.2832,23.6268,0.0476,1.3752,102.3331,False
1719594104.8988256,-5.6239,0.0,7.8361,-0.1679,0.0004,102.5206,False,-0.2749,0.0,20.0028,0.0391,0.6619,102.3331,False
1719594104.92948,-5.2353,0.0,15.9652,-0.0123,-0.2656,100.0831,False,0.1723,0.0,11.5768,0.0174,0.1876,102.2394,False
1719594104.9593675,-4.7131,0.0,18.8913,-0.0085,-0.08,97.5519,False,0.393,0.0,3.939,0.0256,0.0698,102.38,False
1719594104.9887981,-4.0857,0.0,21.6332,0.0047,0.0861,93.9534,False,0.4024,0.0,-0.7033,0.0019,0.0,102.4269,False
1719594105.0191572,-3.3994,0.0,23.0862,-0.0011,-0.0705,92.1144,False,0.3664,0.0,-2.0308,0.0036,-0.0016,102.4737,False
1719594105.0493875,-2.7437,0.0,19.9927,0.0109,0.3692,91.5902,False,0.3393,0.0,-0.3307,-0.0118,0.0001,102.3331,False
1719594105.078851,-2.2822,0.0,12.1578,0.0456,0.5134,91.5142,False,0.3454,0.0,0.0556,-0.0026,0.0002,102.4269,False
1719594105.109664,-2.0183,0.0,7.6303,0.0228,0.1246,91.5902,False,0.3454,0.0,0.0481,0.0,-0.0,102.4269,False
1719594105.139769,-1.824,0.0,5.3614,0.0338,0.0935,91.5522,False,0.3437,0.0,-0.0785,-0.005,-0.0003,102.2394,False
1719594105.1701481,-1.6719,0.0,4.7751,0.0006,-0.0038,91.5142,False,0.3431,0.0,0.029,0.0072,0.0004,102.2394,False
1719594105.19981,-1.5408,0.0,4.5854,0.0036,0.0062,91.5902,False,0.3421,0.0,-0.0754,-0.0021,-0.0006,102.38,False
1719594105.2300081,-1.3886,0.0,5.6919,-0.0144,-0.0292,91.5522,False,0.3419,0.0,-0.0279,0.01,-0.0002,102.38,False
1719594105.2603118,-1.1963,0.0,6.9789,-0.0,-0.0,91.5902,False,0.3411,0.0,-0.0661,-0.002,-0.0009,102.3331,False
1719594105.290598,-0.9851,0.0,6.3412,0.0139,0.0519,91.5142,False,0.3414,0.0,-0.0157,-0.01,-0.0008,102.4737,False
1719594105.3216543,-0.8195,0.0,4.6302,0.0069,0.0164,91.5142,False,0.3432,0.0,0.1239,-0.0078,-0.0003,102.4269,False
1719594105.3507636,-0.7331,0.0,1.9207,-0.0025,-0.0017,91.5142,False,0.3439,0.0,0.0159,-0.0027,0.0004,102.4737,False
1719594105.3801932,-0.7075,0.0,1.6416,0.0044,0.0024,91.4762,False,0.3439,0.0,-0.1504,0.005,-0.0,102.4737,False
1719594105.4100237,-0.7079,0.0,-0.0754,-0.0085,0.0002,91.5902,False,0.3437,0.0,-0.1259,0.0078,-0.001,102.1925,False
1719594105.4401834,-0.7102,0.0,-0.0441,-0.0046,-0.0001,91.5522,False,0.3432,0.0,-0.0188,0.0078,-0.0013,102.5675,False
1719594105.4699268,-0.7173,0.0,-0.4333,0.013,-0.0007,91.5902,False,0.3422,0.0,0.0345,0.005,-0.0003,103.9362,False
1719594105.5002599,-0.7186,0.0,-0.0402,-0.0047,-0.0003,91.5902,False,0.342,-6.2832,-0.0211,-0.0079,0.0002,105.1725,True
1719594105.530347,-0.727,0.0,-0.6817,0.0011,-0.0009,91.5902,False,0.2716,-6.2832,-3.2046,-0.0174,0.0433,105.9788,True
1719594105.5602078,-0.8853,0.0,-7.2247,0.011,-0.0157,91.5142,False,0.1079,-6.2832,-7.7361,-0.0147,0.0369,106.5163,True
1719594105.589993,-1.1217,0.0,-8.0358,-0.0083,0.0093,91.5902,False,-0.1298,-6.2832,-10.8146,-0.0163,0.0308,106.9463,True
1719594105.6207883,-1.3339,0.0,-6.302,-0.0061,0.032,91.5522,False,-0.4623,-6.2832,-13.7003,0.0,-0.0,106.5163,True
1719594105.6507668,-1.5057,0.0,-6.2315,0.005,-0.0057,94.9148,False,-0.8784,-6.2832,-16.4607,0.0054,-0.0544,105.71,True
1719594105.6814878,-1.734,0.0,-6.922,-0.0049,0.0206,100.0362,False,-1.3646,-6.2832,-18.5629,-0.0308,0.6327,104.85,True
1719594105.7104366,-1.842,0.0,-2.3532,0.0018,0.001,108.1825,False,-1.9182,-6.2832,-22.4862,-0.0203,0.3351,104.5812,True
1719594105.7411392,-1.8392,-6.2832,-0.0108,0.0107,-0.0006,117.2686,True,-2.549,-6.2832,-24.7006,-0.0022,0.1147,103.3988,True
1719594105.7708328,-1.9083,-6.2832,-4.4513,0.0641,0.0004,129.1623,True,-3.2059,-6.2832,-26.2547,-0.0238,0.4858,102.38,True
1719594105.8034801,-2.0715,-6.2832,-8.2004,0.0311,-0.0484,138.0714,True,-3.9614,-6.2832,-27.7825,-0.1097,2.6019,102.5206,False
1719594105.832923,-2.319,-6.2832,-11.1195,0.0311,-0.1081,134.342,True,-4.6697,-6.2832,-24.5156,-0.1757,3.6752,102.4269,False
1719594105.863198,-2.6605,-6.2832,-13.9599,0.0092,-0.0537,116.7592,True,-5.2606,-6.2832,-19.4901,-0.1723,2.917,102.3331,False
1719594105.8942893,-3.1,-6.2832,-16.8106,0.0052,-0.0747,102.4737,True,-5.7388,-6.2832,-14.9942,-0.1492,2.1731,102.38,False
1719594105.9230044,-3.6025,0.0,-20.283,-0.2589,6.1001,94.873,False,-6.0741,0.0,-11.2588,-0.3646,5.6818,102.38,False
1719594105.9540546,-3.7971,0.0,3.3288,-0.0218,-0.0076,90.9827,False,-5.8122,0.0,17.0525,-0.0348,-0.3954,102.2862,False
1719594105.9848845,-3.5616,0.0,9.4144,-0.0241,-0.1325,90.6789,False,-5.336,0.0,12.1636,0.0326,0.3458,102.4269,False
1719594106.014907,-3.1987,0.0,13.1434,0.0046,0.0425,90.8688,False,-5.1111,0.0,4.5165,0.0233,0.063,102.4269,False
1719594106.0459049,-2.8122,0.0,11.5928,0.004,0.0421,90.9067,False,-5.0735,0.0,0.097,0.0114,-0.0002,102.38,False
1719594106.0754976,-2.5144,0.0,9.0072,0.0009,-0.0025,90.9827,False,-4.9839,0.0,4.7952,-0.0121,-0.0191,102.1925,False
1719594106.090506,-2.3737,0.0,9.4809,0.001,0.0192,91.0586,False,-4.902,0.0,5.7309,0.0137,0.0023,102.3331,False
1719594106.1199043,-2.088,0.0,8.9962,0.0062,0.0467,91.0586,False,-4.7075,0.0,6.6275,-0.0044,-0.012,102.5206,False
1719594106.1505845,-1.8461,0.0,7.2933,-0.0,0.0577,91.1725,False,-4.4907,0.0,7.9481,-0.0,-0.0,102.2394,False
1719594106.18143,-1.6173,0.0,7.094,-0.0067,-0.0341,91.1725,False,-4.2307,0.0,8.8923,0.0027,0.0149,102.38,False
1719594106.2118342,-1.385,0.0,8.1351,0.0068,0.0203,91.2105,False,-3.9649,0.0,8.3057,0.0035,0.0452,102.38,False
1719594106.242907,-1.1331,0.0,8.331,0.0049,0.0248,91.2864,False,-3.7515,0.0,5.5582,0.0069,0.0249,102.4269,False
1719594106.2730827,-0.9034,0.0,7.2794,-0.0002,0.0385,91.3244,False,-3.6466,0.0,1.7998,0.0098,-0.001,102.2394,False
1719594106.303709,-0.6752,0.0,7.2337,0.0099,-0.0102,91.4383,False,-3.6391,0.0,0.0387,-0.0054,-0.0023,102.38,False
1719594106.3349004,-0.4564,0.0,6.016,0.0055,0.0259,91.3623,False,-3.6382,0.0,0.1889,-0.0025,0.0004,102.2394,False
1719594106.3656607,-0.3504,0.0,1.8566,-0.0011,-0.0004,91.5902,False,-3.6389,0.0,0.0047,0.0052,-0.0014,102.4737,False
1719594106.3946223,-0.3458,0.0,-0.1263,-0.0064,-0.0012,91.5902,False,-3.6413,0.0,-0.0188,-0.0006,-0.001,102.2862,False
1719594106.425249,-0.3454,0.0,-0.0313,0.0048,0.0002,91.5522,False,-3.6407,0.0,0.1196,-0.0017,0.0004,102.38,False
1719594106.4543717,-0.3456,0.0,-0.101,-0.0032,-0.0028,91.6281,False,-3.6408,0.0,-0.0623,0.01,-0.0018,102.38,False
1719594106.485065,-0.3455,0.0,-0.0767,0.0096,0.0001,91.6281,False,-3.6399,0.0,-0.0104,-0.005,0.0004,102.2394,False
1719594106.5148883,-0.3456,0.0,-0.0787,-0.0016,-0.0008,91.5902,False,-3.6399,0.0,-0.0275,0.005,-0.0007,107.2688,False
1719594106.5455885,-0.3775,0.0,-3.2048,0.0112,0.0,91.5902,False,-3.638,-6.2832,0.0919,-0.0025,0.0,106.9463,True
1719594106.5769026,-0.6518,0.0,-11.6501,0.0169,-0.1083,91.5902,False,-3.712,-6.2832,-4.5737,0.0219,-0.0049,107.1612,True
1719594106.6074853,-1.1839,0.0,-22.762,0.0272,-0.5101,94.5804,False,-3.8625,-6.2832,-7.4658,-0.0049,0.0174,106.4088,True
1719594106.6380858,-1.9224,0.0,-21.7358,-0.0175,0.3504,101.9112,False,-4.0826,-6.2832,-9.6796,-0.0275,0.1093,106.1937,True
1719594106.6694014,-2.6221,0.0,-24.0126,0.0037,-0.2379,106.0325,False,-4.3707,-6.2832,-12.3345,-0.0372,0.2416,105.1725,True
1719594106.701247,-3.4503,-6.2832,-26.5404,0.0089,-0.2235,106.7312,True,-4.734,-6.2832,-15.1654,0.0039,-0.0046,102.9894,True
1719594106.7317662,-4.2875,-6.2832,-27.4755,-0.0668,1.7842,106.0863,True,-5.1441,-6.2832,-17.3139,-0.0179,0.2162,102.3331,True
1719594106.761858,-5.0533,-6.2832,-23.358,-0.0945,2.2103,104.9037,True,-5.575,-6.2832,-15.2464,-0.1974,2.3945,102.4269,False
1719594106.7931752,-5.7172,-6.2832,-19.2572,-0.0146,0.2419,103.345,True,-5.9084,-6.2832,-10.2027,-0.2366,2.0957,102.38,False
1719594106.8213298,-6.2526,0.0,-15.3094,-0.0084,0.1159,103.345,False,-6.1027,0.0,-6.7551,-0.6413,9.3517,102.4269,False
1719594106.85175,-6.6257,0.0,-8.8116,-0.0273,0.184,103.6675,False,-5.3733,0.0,39.0112,-0.0737,-2.4194,102.5206,False
1719594106.882922,-6.6517,0.0,3.4811,-0.013,-0.0089,104.42,False,-3.9603,0.0,46.6391,-0.0132,-0.5061,102.38,False
1719594106.9144952,-6.4546,-6.2832,7.77,-0.0161,-0.0602,104.0437,True,-2.6079,-6.2832,39.1785,0.0521,1.9574,102.2862,False
1719594106.9453125,-6.2789,-6.2832,4.0476,0.0321,0.1519,101.4425,True,-1.4129,-6.2832,36.9051,0.1523,5.5722,102.4269,False
1719594106.973754,-6.1854,0.0,0.286,-0.2426,1.113,99.005,False,-0.3984,0.0,33.129,0.1057,3.5488,102.2862,False
1719594107.0033894,-5.8773,0.0,15.9343,-0.0189,-0.2118,97.6456,False,0.3255,0.0,18.1772,0.0476,0.7898,102.2862,False
1719594107.0341883,-5.2871,0.0,21.9578,-0.0092,-0.1061,96.0433,False,0.6531,0.0,6.4017,0.0361,0.1935,102.4269,False
1719594107.0647237,-4.5087,0.0,27.3103,-0.0353,-0.7744,94.7894,False,0.6778,0.0,-1.4851,-0.0006,0.0,102.4269,False
1719594107.094355,-3.639,0.0,30.0829,-0.0341,-0.8371,93.0757,False,0.669,0.0,1.1219,0.0006,-0.0011,102.5206,False
1719594107.125332,-2.7233,0.0,28.3463,0.0257,0.7689,91.78,False,0.6632,0.0,-0.3159,-0.003,0.001,102.2394,False
1719594107.155347,-2.0443,0.0,17.8874,0.0213,0.4108,91.6661,False,0.6638,0.0,0.275,0.0032,0.001,102.2394,False
1719594107.18514,-1.7055,0.0,8.7735,0.0293,0.1343,91.742,False,0.6671,0.0,0.1886,-0.0128,-0.0022,102.4269,False
1719594107.2157369,-1.5092,0.0,5.1098,0.0096,0.0394,91.6281,False,0.6655,0.0,-0.02,0.0046,-0.0001,102.2862,False
1719594107.2468657,-1.3674,0.0,4.3741,0.0108,0.0094,91.5902,False,0.6641,0.0,0.0871,-0.0032,-0.0014,102.2862,False
1719594107.2769973,-1.2491,0.0,4.463,-0.0204,-0.0289,90.8308,False,0.6622,0.0,0.1487,0.0124,0.0007,102.38,False
1719594107.3071873,-1.0741,0.0,6.2621,-0.012,-0.0215,91.6661,False,0.6623,0.0,0.037,-0.0047,-0.0004,102.2862,False
1719594107.3371742,-0.8897,0.0,6.4777,-0.0064,0.0183,91.6281,False,0.6591,0.0,-0.2312,-0.0048,-0.0002,102.4269,False
1719594107.3667269,-0.7159,0.0,5.1847,0.0038,0.0101,91.6281,False,0.6119,0.0,-3.0008,0.0151,-0.0054,102.3331,False
1719594107.3964558,-0.6024,0.0,2.1993,0.0096,0.0062,91.5522,False,0.5678,0.0,0.9549,-0.0042,-0.0007,102.3331,False
1719594107.4268303,-0.5527,0.0,0.2273,-0.0,-0.0007,91.5902,False,0.5686,0.0,-0.0615,0.0042,-0.0007,102.1925,False
1719594107.4577463,-0.5414,0.0,0.05,-0.003,-0.0001,91.5902,False,0.5688,0.0,-0.0189,-0.0045,0.0003,102.2862,False
1719594107.5021708,-0.5419,0.0,-0.0887,-0.0114,0.0021,91.5902,False,0.5667,0.0,-0.1752,0.0082,-0.0014,104.42,False
1719594107.5326078,-0.5515,0.0,-0.275,0.0084,-0.0015,91.742,False,0.5673,-6.2832,0.0242,0.0078,-0.0013,105.2262,True
1719594107.5620272,-0.6119,0.0,-2.2189,0.004,0.0037,91.6661,False,0.4939,-6.2832,-4.0039,-0.005,0.0082,105.5488,True
1719594107.592747,-0.6979,0.0,-2.9353,-0.0,0.0,91.5902,False,0.3264,-6.2832,-7.896,0.0133,-0.0223,106.0325,True
1719594107.622789,-0.7912,0.0,-3.842,-0.0112,0.0114,91.6661,False,0.0769,-6.2832,-10.3697,0.0032,-0.0193,106.4625,True
1719594107.652113,-0.9213,0.0,-4.2815,-0.0128,0.0118,91.7041,False,-0.2561,-6.2832,-13.983,0.0031,-0.0307,106.7312,True
1719594107.6830127,-1.0482,0.0,-4.1992,-0.0053,0.0052,91.5902,False,-0.6871,-6.2832,-16.9388,0.0008,0.0007,106.6775,True
1719594107.7131035,-1.1805,0.0,-5.3578,0.0147,-0.025,96.0015,False,-1.1826,-6.2832,-19.0697,-0.0132,0.1322,105.71,True
1719594107.742357,-1.4064,0.0,-7.7302,0.0024,-0.0384,100.2237,False,-1.7402,-6.2832,-21.1984,-0.0279,0.4762,104.5812,True
1719594107.772351,-1.4937,0.0,0.5153,-0.013,-0.002,107.43,False,-2.3772,-6.2832,-23.8597,-0.0406,0.8789,104.0437,True
1719594107.8031924,-1.4901,-6.2832,-0.0015,0.0108,-0.0017,120.5988,True,-3.0944,-6.2832,-27.3122,0.0039,0.2263,102.9425,True
1719594107.833246,-1.5609,-6.2832,-4.2908,0.0404,0.004,136.5175,True,-3.8446,-6.2832,-29.1427,-0.0078,0.7642,102.4737,True
1719594107.877824,-1.8643,-6.2832,-10.5732,0.0049,-0.0013,140.2469,True,-4.9061,-6.2832,-22.4259,-0.2659,5.4006,102.38,False
1719594107.9077823,-2.1941,-6.2832,-13.5675,0.0112,-0.0653,123.431,True,-5.4641,-6.2832,-18.6488,-0.1978,3.4077,102.2862,False
1719594107.937682,-2.6038,-6.2832,-16.6774,0.0169,-0.1713,107.1075,True,-5.9044,-6.2832,-14.6316,-0.1684,2.1442,102.3331,False
1719594107.9673836,-3.1023,-6.2832,-19.2899,0.0129,-0.1841,96.0851,True,-6.2376,-6.2832,-10.4055,-0.1187,1.1418,102.38,False
1719594107.9967232,-3.6546,0.0,-22.1544,-0.3181,8.4201,91.0586,False,-6.4494,0.0,-6.5482,-0.3504,3.6587,102.1925,False
1719594108.0258188,-3.8589,0.0,3.5773,-0.0472,-0.0648,90.6789,False,-6.1736,0.0,14.9991,-0.016,-0.1427,102.5206,False
1719594108.0556464,-3.6276,0.0,8.7611,-0.0147,-0.0688,90.7928,False,-5.7766,0.0,10.8655,0.0234,0.1337,102.38,False
1719594108.085456,-3.2825,0.0,12.9823,-0.0173,-0.1408,90.8688,False,-5.5534,0.0,5.4813,0.0266,0.1065,102.4269,False
1719594108.115817,-2.8821,0.0,12.6566,0.0072,0.0567,90.9827,False,-5.4023,0.0,5.3912,-0.0054,0.0075,102.2394,False
1719594108.1459546,-2.5241,0.0,11.124,0.0049,0.0389,90.9827,False,-5.2183,0.0,6.466,-0.0022,-0.0036,102.4269,False
1719594108.1755188,-2.2055,0.0,10.173,-0.0008,0.0199,91.1725,False,-5.0154,0.0,6.7218,0.0026,-0.0281,102.1925,False
1719594108.205763,-1.9436,0.0,8.4703,0.0075,0.0338,91.1725,False,-4.7739,0.0,8.7351,0.0131,0.061,102.4737,False
1719594108.2355957,-1.6978,0.0,7.9464,0.0064,0.0297,91.2484,False,-4.5161,0.0,8.7251,-0.0037,-0.0208,102.4269,False
1719594108.265133,-1.4855,0.0,6.6805,0.0035,0.0291,91.2864,False,-4.2663,0.0,8.0278,0.0002,-0.003,102.2394,False
1719594108.2952983,-1.2609,0.0,7.4186,-0.0038,-0.0192,91.4383,False,-4.0643,0.0,5.1989,0.0133,0.0402,102.38,False
1719594108.324327,-1.0212,0.0,7.7637,0.0032,0.0182,91.4003,False,-3.9313,0.0,4.4291,0.01,0.0131,102.4269,False
1719594108.3551245,-0.7893,0.0,7.4592,0.011,0.0437,91.4383,False,-3.8631,0.0,0.9502,0.0079,0.002,102.4737,False
1719594108.3843925,-0.6033,0.0,5.711,0.001,-0.0078,91.5142,False,-3.8635,0.0,-0.1978,-0.0006,0.0007,102.2394,False
1719594108.4147115,-0.4744,0.0,2.2282,0.0034,0.0016,91.5522,False,-3.8637,0.0,-0.1578,0.0087,-0.001,102.38,False
1719594108.4448695,-0.4707,0.0,-0.0563,-0.0017,-0.0023,91.7041,False,-3.8652,0.0,-0.1147,-0.0087,0.0007,102.4737,False
1719594108.475072,-0.4705,0.0,0.0015,0.0111,0.0005,91.7041,False,-3.8661,0.0,-0.0993,-0.004,-0.0002,102.4269,False
1719594108.5053847,-0.4703,0.0,0.0441,-0.0056,0.0003,91.742,False,-3.8651,0.0,0.0338,-0.0005,0.0005,102.2862,False
1719594108.535589,-0.4697,0.0,0.1395,-0.0046,0.0001,91.7041,False,-3.8644,0.0,0.0415,0.0132,-0.002,102.4269,False
1719594108.5653522,-0.4702,0.0,0.0265,-0.0065,0.0007,91.742,False,-3.8646,0.0,0.0472,0.0083,-0.0005,102.8019,False
1719594108.5950804,-0.4983,0.0,-3.2821,-0.0306,0.0244,91.6281,False,-3.8641,0.0,-0.0005,-0.0049,0.0008,104.85,False
1719594108.6259909,-0.7292,0.0,-9.8188,0.0174,-0.0993,91.742,False,-3.8616,-6.2832,0.0296,-0.0001,0.0007,106.5163,True
1719594108.6557376,-1.1773,0.0,-19.9137,0.0552,-0.8613,93.5773,False,-3.924,-6.2832,-3.9825,0.0153,-0.004,105.9788,True
1719594108.6860516,-1.9052,0.0,-22.9145,-0.0082,0.1782,101.9112,False,-4.0527,-6.2832,-6.976,-0.0226,0.037,106.0863,True
1719594108.716091,-2.5789,0.0,-23.8669,0.0147,-0.2827,104.9575,False,-4.2494,-6.2832,-9.5677,-0.006,0.0317,105.3337,True
1719594108.7476418,-3.3961,-6.2832,-27.8407,0.0137,-0.3487,105.3875,True,-4.5312,-6.2832,-12.0099,-0.0277,0.2063,103.6137,True
1719594108.7779493,-4.2498,-6.2832,-27.9697,-0.0979,2.2083,104.205,True,-4.8675,-6.2832,-14.7765,-0.0348,0.3062,102.4737,True
1719594108.808344,-5.0075,-6.2832,-23.5402,-0.0853,1.9342,103.1837,True,-5.2576,-6.2832,-17.3321,-0.0291,0.3082,102.4737,False
1719594108.836358,-5.6502,0.0,-20.576,0.02,-0.3383,102.1456,False,-5.6268,0.0,-14.7982,-0.6417,14.8008,102.4269,False
1719594108.8659098,-6.2296,0.0,-18.6823,-0.0079,0.1146,101.7237,False,-5.0785,0.0,35.2406,-0.1045,-2.9569,102.5206,False
1719594108.8954008,-6.5941,0.0,-6.627,-0.0639,0.3439,101.4894,False,-3.7788,0.0,44.3399,-0.0199,-0.7623,102.4737,False
1719594108.9251394,-6.5038,0.0,7.5349,-0.0122,-0.0386,102.2862,False,-2.5704,0.0,38.4158,0.0306,1.1017,102.4269,False
1719594108.955196,-6.1736,0.0,13.7476,-0.0145,-0.196,104.3125,False,-1.5923,0.0,28.7843,0.0294,0.8258,102.2394,False
1719594108.986144,-5.6503,-6.2832,18.2445,-0.012,-0.1896,105.9788,True,-0.8445,-6.2832,20.8371,0.03,0.596,105.3337,False
1719594109.0166888,-5.225,-6.2832,11.9761,0.15,1.8561,108.8275,True,-0.2001,-6.2832,19.831,0.005,0.0922,102.4737,True
1719594109.0454414,-4.8974,-6.2832,8.7431,0.017,0.1369,110.201,True,0.3121,-6.2832,15.7688,0.0256,0.3923,102.4737,False
1719594109.0767214,-4.6538,-6.2832,5.3886,0.0459,0.1998,107.9137,True,0.7484,-6.2832,11.9088,0.0546,0.5744,102.3331,False
1719594109.106743,-4.5088,-6.2832,2.4286,0.0435,0.1874,102.9894,True,1.0561,-6.2832,8.4538,0.0461,0.4108,102.4737,False
1719594109.1346135,-4.4578,0.0,-0.5076,-0.166,0.5603,100.4581,False,1.2438,0.0,4.6261,0.0624,0.3452,102.2394,False
1719594109.1651742,-4.3394,0.0,6.5312,-0.0184,-0.0621,96.6702,False,1.2868,0.0,-0.7339,0.0074,-0.0012,102.4269,False
1719594109.1942062,-4.0534,0.0,12.3595,-0.0145,-0.1429,94.3296,False,1.2719,0.0,0.0809,0.0096,-0.0002,102.5206,False
1719594109.224072,-3.5909,0.0,16.7967,-0.0118,-0.1277,92.6577,False,1.2679,0.0,-0.0916,-0.0009,0.0004,102.3331,False
1719594109.2536168,-3.093,0.0,15.6225,0.0034,0.0317,92.0308,False,1.2665,0.0,-0.0415,0.0,0.0004,102.38,False
1719594109.2843473,-2.67,0.0,12.4245,0.0177,0.1864,91.9054,False,1.2677,0.0,0.1353,0.0,-0.0007,102.3331,False
1719594109.3132503,-2.3987,0.0,7.6284,0.0191,0.1215,92.0726,False,1.2665,0.0,-0.0395,-0.0017,-0.0013,102.4269,False
1719594109.343456,-2.1626,0.0,7.6368,0.0103,-0.0206,92.0308,False,1.2666,0.0,0.0263,-0.0,-0.0,102.4269,False
1719594109.3740466,-1.9324,0.0,7.2155,-0.0011,0.0315,91.9472,False,1.2421,0.0,-2.5165,-0.0033,-0.0035,102.4269,False
1719594109.4034798,-1.7439,0.0,6.1915,0.003,0.0411,91.9472,False,1.1118,0.0,-4.6515,-0.0014,0.0009,102.3331,False
1719594109.43351,-1.5937,0.0,4.5544,0.0057,0.0087,91.989,False,1.0339,0.0,-0.2347,-0.0068,-0.0011,102.2394,False
1719594109.463697,-1.469,0.0,4.093,-0.0032,-0.0036,91.9054,False,1.0467,0.0,0.3305,-0.0096,-0.002,102.38,False
1719594109.494016,-1.3472,0.0,3.1822,0.0076,0.0039,91.9054,False,1.0464,0.0,0.1002,0.005,0.0,102.2862,False
1719594109.5241075,-1.2501,0.0,3.4644,0.0133,0.0126,91.989,False,1.0472,0.0,0.0787,0.0027,0.0007,102.1925,False
1719594109.5545173,-1.1242,0.0,4.2234,0.0105,0.0072,92.0308,False,1.0484,0.0,0.0325,0.0124,-0.0,102.4737,False
1719594109.5840297,-1.0156,0.0,3.0001,-0.0093,-0.006,92.0726,False,1.0488,0.0,-0.0331,0.0001,0.0003,102.4269,False
1719594109.6142123,-0.9852,0.0,-0.1303,0.0077,0.0005,91.989,False,1.0486,0.0,0.0187,0.0126,0.0016,102.4269,False
1719594109.6441178,-0.9851,0.0,-0.0106,-0.0008,-0.0002,91.9054,False,1.0472,0.0,0.0222,-0.0004,-0.0009,102.2394,False
1719594109.6739786,-0.9853,0.0,-0.0491,0.0085,0.0001,91.9472,False,1.0452,0.0,-0.166,0.0029,0.0005,103.0362,False
1719594109.7048295,-0.9922,0.0,-0.3017,-0.0,-0.0,91.9472,False,1.045,-6.2832,-0.0123,-0.0014,0.0006,104.7962,True
1719594109.734625,-1.0273,0.0,-2.656,0.0043,-0.0037,91.9054,False,0.9705,-6.2832,-4.4814,0.0132,-0.003,105.495,True
1719594109.764103,-1.1555,0.0,-5.1905,0.0127,-0.0243,91.9472,False,0.8114,-6.2832,-7.9616,0.0158,-0.0564,106.3012,True
1719594109.794821,-1.3286,0.0,-6.0325,-0.0001,0.0037,91.989,False,0.5647,-6.2832,-11.1304,0.0159,-0.0058,107.215,True
1719594109.824728,-1.5126,0.0,-5.9954,-0.0067,0.0098,92.0308,False,0.232,-6.2832,-14.2129,0.0089,-0.0655,107.3763,True
1719594109.8538144,-1.708,0.0,-8.5779,0.0205,-0.0845,95.1655,False,-0.1723,-6.2832,-16.2828,-0.0002,-0.0006,106.785,True
1719594109.8845358,-2.0343,0.0,-10.6448,0.0067,-0.0571,99.6612,False,-0.6643,-6.2832,-19.4094,-0.0043,0.1229,105.7637,True
1719594109.9145408,-2.2614,0.0,-6.0155,-0.0103,0.0498,105.0112,False,-1.2216,-6.2832,-21.446,-0.0065,0.3614,104.5812,True
1719594109.9449742,-2.3964,-6.2832,-2.3008,-0.0108,0.0065,111.5381,True,-1.8235,-6.2832,-23.6629,-0.0154,0.2277,103.7212,True
1719594109.975384,-2.5899,-6.2832,-8.5759,0.011,-0.0294,118.868,True,-2.4852,-6.2832,-26.011,-0.0352,0.8947,102.6612,True
1719594110.0047421,-2.8655,-6.2832,-12.249,0.0129,-0.0647,124.5324,True,-3.1831,-6.2832,-28.4226,0.0223,0.1103,102.1925,False
1719594110.0347085,-3.2261,-6.2832,-14.9049,0.0067,-0.0976,125.3191,True,-3.9513,-6.2832,-29.0335,-0.0792,2.1932,102.2862,False
1719594110.0650403,-3.6775,-6.2832,-17.8316,0.0049,-0.0575,117.4596,True,-4.6802,-6.2832,-24.6094,-0.1822,3.8746,102.1925,False
1719594110.0948887,-4.2138,-6.2832,-20.4718,0.0015,-0.1168,107.4837,True,-5.281,-6.2832,-20.0061,-0.1592,2.8262,102.4269,False
1719594110.124395,-4.8241,-6.2832,-22.8661,-0.0174,0.3071,100.13,True,-5.771,-6.2832,-16.1494,-0.137,2.0917,102.1925,False
1719594110.1523943,-5.3846,0.0,-18.3497,-0.26,5.3702,94.7476,False,-6.1336,0.0,-12.2856,-0.3249,4.9561,102.5206,False
1719594110.182671,-5.4111,0.0,9.8351,-0.0739,-0.3404,91.4383,False,-5.9345,0.0,14.6276,-0.0306,-0.2625,102.4737,False
1719594110.2272344,-4.7258,0.0,17.8925,-0.0284,-0.2604,91.5142,False,-5.443,0.0,7.3111,0.0236,0.1321,102.4269,False
1719594110.25714,-4.1373,0.0,19.8476,-0.0,-0.0,91.6661,False,-5.2714,0.0,4.9153,-0.0013,-0.0014,102.38,False
1719594110.2872853,-3.5542,0.0,19.3664,0.0083,0.1192,91.6661,False,-5.0911,0.0,6.6996,-0.0049,-0.0167,102.3331,False
1719594110.317626,-2.9509,0.0,19.8552,-0.0025,0.0147,91.5902,False,-4.8759,0.0,7.4345,-0.0,-0.0,102.4269,False
1719594110.3475914,-2.3997,0.0,16.4257,0.0272,0.4559,91.6281,False,-4.6394,0.0,7.9715,-0.0114,-0.0019,102.5206,False
1719594110.37759,-1.9634,0.0,13.4655,0.0066,0.0455,91.742,False,-4.362,0.0,9.7736,-0.0179,-0.1094,102.2862,False
1719594110.4088352,-1.5933,0.0,11.6759,0.0047,0.0453,91.78,False,-4.0542,0.0,9.9693,0.0046,0.0325,102.2862,False
1719594110.4387789,-1.2652,0.0,9.9279,-0.0109,-0.099,91.8218,False,-3.7799,0.0,7.9278,-0.005,-0.0272,102.3331,False
1719594110.4674816,-0.9934,0.0,8.1446,0.0142,0.0458,91.78,False,-3.6259,0.0,3.5901,0.0265,0.0349,102.38,False
1719594110.4983644,-0.7599,0.0,7.3041,0.0093,0.0226,91.9054,False,-3.591,0.0,-0.8781,0.0022,0.0034,102.2862,False
1719594110.5281851,-0.5702,0.0,5.8666,0.0212,0.0689,91.9472,False,-3.5874,0.0,0.2516,0.0076,-0.0008,102.2394,False
1719594110.5590053,-0.4622,0.0,0.7285,0.0129,-0.0001,92.0726,False,-3.5885,0.0,-0.066,-0.005,-0.0005,102.2862,False
1719594110.5890603,-0.4689,0.0,0.0218,-0.0146,-0.0017,92.0308,False,-3.5896,0.0,0.0045,-0.0003,0.0006,102.2394,False
1719594110.618588,-0.4689,0.0,-0.0571,-0.0008,0.0006,92.1144,False,-3.5892,0.0,0.0589,0.0052,-0.0022,102.3331,False
1719594110.6487753,-0.4692,0.0,-0.0272,-0.0038,-0.0003,92.1144,False,-3.589,0.0,0.0042,0.0048,-0.0005,102.38,False
1719594110.6781511,-0.469,0.0,-0.0067,-0.0038,-0.0002,92.198,False,-3.589,0.0,0.0256,-0.0024,-0.0,102.2394,False
1719594110.7086947,-0.4693,0.0,-0.1215,0.0017,-0.0021,92.0726,False,-3.5894,0.0,0.0036,-0.0003,0.0006,102.2862,False
1719594110.7526536,-0.4798,0.0,-1.2656,-0.0029,0.001,91.9472,False,-3.5889,0.0,0.0792,-0.0,0.0,103.9362,False
1719594110.7828739,-0.6668,0.0,-8.6952,0.0101,-0.031,92.0308,False,-3.5871,-6.2832,-0.0162,0.0103,-0.0016,105.8712,True
1719594110.8128524,-1.0342,0.0,-16.4229,0.0642,-0.7825,94.455,False,-3.6524,-6.2832,-4.0443,0.007,-0.0033,106.3012,True
1719594110.8433874,-1.7267,0.0,-23.6692,0.003,-0.0948,102.6612,False,-3.7854,-6.2832,-6.7796,-0.0076,0.0558,106.0863,True
1719594110.872925,-2.3682,0.0,-22.0907,0.0183,-0.4353,106.8925,False,-3.9841,-6.2832,-9.5259,-0.01,0.041,105.1725,True
1719594110.904328,-3.1564,-6.2832,-27.2356,0.0083,-0.1142,108.8275,True,-4.2627,-6.2832,-12.1452,-0.016,0.1219,103.56,True
1719594110.9480205,-4.4015,-6.2832,-26.6376,-0.109,3.0135,107.2688,True,-4.8243,-6.2832,-17.3619,-0.0403,0.4843,102.2394,True
1719594110.978774,-5.1711,-6.2832,-23.8112,-0.0289,0.7482,105.4412,True,-5.2972,-6.2832,-18.6922,-0.0592,0.7618,102.2394,False
1719594111.0084698,-5.8391,-6.2832,-19.6962,0.0019,0.0156,103.99,True,-5.71,-6.2832,-14.0331,-0.1481,1.7767,102.3331,False
1719594111.03676,-6.366,0.0,-15.2151,-0.086,1.3999,103.56,False,-5.9737,0.0,-10.1705,-0.6069,11.2374,102.5206,False
1719594111.0666804,-6.7452,0.0,-9.5415,-0.0289,0.275,103.6137,False,-5.336,0.0,36.8337,-0.0927,-2.7726,102.5206,False
1719594111.096681,-6.8102,0.0,2.5639,-0.0189,-0.011,103.7212,False,-3.9827,0.0,46.781,-0.0341,-1.2537,102.38,False
1719594111.1265094,-6.648,0.0,7.0891,-0.0295,-0.0986,104.2588,False,-2.6877,0.0,40.2341,0.043,1.6203,102.2862,False
1719594111.1584773,-6.2484,-6.2832,17.1403,-0.051,-0.4871,103.2912,True,-1.6069,-6.2832,29.6868,0.0485,1.344,102.2394,False
1719594111.1864417,-5.9311,0.0,8.4638,-0.1863,-0.0614,101.7237,False,-0.7367,0.0,28.9028,0.0404,1.1741,102.2394,False
1719594111.216604,-5.4793,0.0,19.2893,-0.0353,-0.4532,101.0675,False,-0.0536,0.0,18.7444,0.0201,0.3526,102.3331,False
1719594111.2474477,-4.8481,0.0,21.6505,-0.0213,-0.488,99.38,False,0.3849,0.0,11.9799,0.0167,0.2295,102.4269,False
1719594111.2777178,-4.116,0.0,25.4815,-0.0164,-0.1814,97.1769,False,0.629,0.0,4.8488,0.0549,0.1713,102.2862,False
1719594111.3074505,-3.3538,0.0,25.0006,-0.0042,-0.0765,94.6222,False,0.6384,0.0,0.054,-0.0117,0.0006,102.38,False
1719594111.3373144,-2.5972,0.0,24.3637,0.014,0.3236,92.6159,False,0.6408,0.0,-0.0303,-0.005,-0.0023,102.2862,False
1719594111.3672736,-1.9847,0.0,17.7567,0.0154,0.2941,92.0726,False,0.6342,0.0,-0.25,-0.0013,0.0,102.4737,False
1719594111.3976262,-1.6346,0.0,7.7186,0.043,0.2422,91.9472,False,0.5945,0.0,-1.8354,-0.0154,0.0056,102.3331,False
1719594111.427222,-1.4941,0.0,3.2012,0.0121,0.0171,91.989,False,0.5949,0.0,0.2357,0.0021,0.0009,102.5675,False
1719594111.457646,-1.4198,0.0,0.9085,-0.0,-0.0,91.9472,False,0.5935,0.0,-0.0037,-0.0023,-0.0009,102.2394,False
1719594111.4869523,-1.3663,0.0,1.3812,-0.0082,-0.002,91.989,False,0.5922,0.0,0.0194,0.0,0.0003,102.5206,False
1719594111.516433,-1.3163,0.0,2.6337,-0.0106,-0.0057,91.9472,False,0.5913,0.0,-0.0234,0.01,-0.0015,102.2862,False
1719594111.546737,-1.1975,0.0,4.6345,0.0098,0.018,91.9054,False,0.5906,0.0,-0.0422,-0.0039,-0.0001,102.38,False
1719594111.590923,-0.9537,0.0,5.5235,-0.0036,-0.0056,91.8636,False,0.59,0.0,-0.024,-0.005,0.0008,102.38,False
1719594111.6207857,-0.782,0.0,4.958,0.0147,0.0259,91.9054,False,0.5913,0.0,0.0518,-0.005,0.0005,102.3331,False
1719594111.6501987,-0.6829,0.0,2.2773,0.0147,0.0079,91.9054,False,0.592,0.0,0.0442,0.005,-0.0008,102.2394,False
1719594111.680384,-0.6829,0.0,0.041,-0.0,-0.0,91.9472,False,0.5924,0.0,0.0897,-0.0093,0.0003,102.38,False
1719594111.710672,-0.683,0.0,-0.0643,-0.0,-0.0,91.8636,False,0.5921,0.0,-0.008,-0.01,0.0008,102.1925,False
1719594111.7410345,-0.6857,0.0,-0.226,-0.0053,-0.0005,92.0308,False,0.5917,0.0,-0.0683,0.0042,-0.0005,102.5206,False
1719594111.7710924,-0.6964,0.0,-0.5656,0.0047,0.0002,91.8636,False,0.5905,0.0,-0.0543,0.005,-0.0011,103.99,False
1719594111.8012292,-0.7,0.0,-0.2997,0.0092,0.0003,91.9054,False,0.5904,-6.2832,-0.0732,-0.005,0.0006,105.1188,True
1719594111.8307688,-0.774,0.0,-3.9402,0.0031,-0.0107,91.9472,False,0.5143,-6.2832,-4.6899,0.0108,0.0018,105.8712,True
1719594111.8611338,-0.9426,0.0,-6.0397,0.0009,0.0086,92.0308,False,0.352,-6.2832,-7.5744,0.006,-0.0099,106.5163,True
1719594111.8911312,-1.1211,0.0,-5.9373,-0.0048,0.0202,91.989,False,0.1113,-6.2832,-10.8758,-0.0133,0.0254,106.6775,True
1719594111.9216945,-1.2858,0.0,-5.0718,-0.0,0.0,91.8636,False,-0.2207,-6.2832,-13.1867,-0.0007,0.004,107.0537,True
1719594111.950315,-1.4284,0.0,-4.2894,-0.0024,0.0014,92.1144,False,-0.6046,-6.2832,-16.5014,-0.005,0.0528,106.1937,True
1719594111.9806144,-1.6054,0.0,-7.09,0.0124,-0.0383,97.2237,False,-1.0848,-6.2832,-18.1092,-0.0269,0.3712,105.1188,True
1719594112.0105937,-1.7738,0.0,-3.5504,-0.0516,0.0545,104.635,False,-1.6268,-6.2832,-21.6154,-0.0196,0.4712,104.6888,True
1719594112.0408354,-1.7878,-6.2832,-0.0672,-0.0019,-0.0014,113.7666,True,-2.2417,-6.2832,-24.6456,-0.0078,0.191,103.8288,True
1719594112.0717158,-1.8564,-6.2832,-3.9881,0.004,0.0023,123.903,True,-2.9193,-6.2832,-25.5344,-0.0309,1.1053,102.38,True
1719594112.1007612,-2.0163,-6.2832,-7.7776,0.0151,-0.0525,133.8241,True,-3.6209,-6.2832,-28.0309,-0.0163,1.0484,102.4269,False
1719594112.1307971,-2.2624,-6.2832,-11.0112,0.0236,-0.0553,135.9995,True,-4.3639,-6.2832,-26.4672,-0.1705,4.1213,102.3331,False
1719594112.1614163,-2.5906,-6.2832,-13.7946,0.008,-0.0556,122.1723,True,-5.021,-6.2832,-21.4318,-0.1822,3.4946,102.38,False
1719594112.1910882,-3.0097,-6.2832,-16.9427,0.0036,-0.0689,106.8388,True,-5.5382,-6.2832,-17.4463,-0.1431,2.2538,102.1925,False
1719594112.2214694,-3.5175,-6.2832,-19.6565,0.0104,-0.1564,96.6702,True,-5.9558,-6.2832,-12.5838,-0.1977,2.528,102.3331,False
1719594112.2494104,-4.0745,0.0,-22.6905,-0.2643,6.9748,92.7831,False,-6.2313,0.0,-9.4284,-0.327,4.5549,102.5206,False
1719594112.2790158,-4.2756,0.0,3.7242,-0.0,-0.0,91.1725,False,-6.0129,0.0,15.5204,-0.0256,-0.2464,102.2394,False
1719594112.3088486,-3.9994,0.0,11.1956,-0.0296,-0.2004,91.2105,False,-5.5837,0.0,11.4085,0.0128,0.1298,102.4269,False
1719594112.3395033,-3.5719,0.0,15.1938,-0.0116,-0.1089,91.4383,False,-5.3575,0.0,4.7533,0.0306,0.0903,102.4269,False
1719594112.3697288,-3.1198,0.0,14.0478,0.0013,0.0004,91.4762,False,-5.2575,0.0,3.7321,0.0001,0.0005,102.4737,False
1719594112.3991702,-2.7184,0.0,12.9087,0.0011,0.0488,91.4762,False,-5.0984,0.0,6.1935,-0.0038,-0.007,102.4737,False
1719594112.429088,-2.3621,0.0,11.5209,-0.0069,-0.0864,91.5522,False,-4.9031,0.0,6.7701,-0.0007,-0.0276,102.38,False
1719594112.4601097,-2.0456,0.0,9.4278,0.0033,0.0545,91.5522,False,-4.6684,0.0,7.8506,-0.0158,-0.0651,102.2394,False
1719594112.4899712,-1.7935,0.0,8.1201,-0.0029,-0.0089,91.6661,False,-4.4044,0.0,9.38,-0.014,-0.0905,102.2394,False
1719594112.5203364,-1.5482,0.0,7.9662,-0.0035,-0.0092,91.5902,False,-4.1172,0.0,8.9781,0.0009,-0.0252,102.38,False
1719594112.5502067,-1.3036,0.0,7.8886,0.0042,0.0182,91.7041,False,-3.8933,0.0,6.4369,0.0082,0.0305,102.5206,False
1719594112.581295,-1.0575,0.0,8.2322,0.0088,0.0345,91.6661,False,-3.7587,0.0,3.601,-0.0087,-0.0,102.4737,False
1719594112.610582,-0.8052,0.0,8.5389,0.017,0.0797,91.742,False,-3.7134,0.0,-0.4613,-0.0,-0.0,102.38,False
1719594112.6412008,-0.5872,0.0,6.5512,0.0147,0.061,91.8636,False,-3.7119,0.0,0.2168,0.0044,-0.0011,102.2862,False
1719594112.6709654,-0.4587,0.0,1.5491,0.0044,0.0012,92.0726,False,-3.7115,0.0,-0.0296,-0.0,0.0008,102.1925,False
1719594112.70063,-0.4684,0.0,-0.0435,0.0031,0.0006,91.989,False,-3.7136,0.0,-0.053,-0.0,0.0,102.1456,False
1719594112.7303715,-0.4682,0.0,0.0128,-0.0007,0.0006,92.0726,False,-3.7144,0.0,0.0488,0.0045,0.0005,102.2394,False
1719594112.7610006,-0.4684,0.0,-0.0408,-0.0007,0.0004,92.0308,False,-3.7139,0.0,-0.024,0.0089,0.0012,102.38,False
1719594112.7908754,-0.4682,0.0,-0.0026,-0.006,0.001,92.1562,False,-3.7137,0.0,-0.08,-0.013,-0.0002,102.1925,False
1719594112.8216617,-0.4683,0.0,-0.0074,0.0046,-0.0001,92.0308,False,-3.7133,0.0,-0.0036,-0.0043,0.0001,107.1612,False
1719594112.8521688,-0.5524,0.0,-6.2122,0.0245,-0.0364,92.0726,False,-3.7102,-6.2832,0.2512,-0.0041,-0.002,107.3225,True
1719594112.8811984,-0.8304,0.0,-11.3655,-0.0118,0.0688,92.1562,False,-3.7755,-6.2832,-3.9186,-0.0005,0.0043,106.8388,True
1719594112.9114435,-1.3108,0.0,-21.1341,0.0617,-0.9216,93.9534,False,-3.9222,-6.2832,-7.182,-0.0073,-0.026,105.9788,True
1719594112.940973,-2.0362,0.0,-22.0441,-0.0113,0.2408,102.4269,False,-4.1345,-6.2832,-10.0061,0.0025,0.0577,106.0325,True
1719594112.9707882,-2.6655,0.0,-22.7679,0.0074,-0.164,105.5488,False,-4.3957,-6.2832,-11.5211,-0.0411,0.1815,105.065,True
1719594113.0015354,-3.4345,-6.2832,-25.9551,0.0078,-0.1541,106.3012,True,-4.7193,-6.2832,-13.8778,-0.0264,0.2266,103.2912,True
1719594113.0459046,-4.6324,-6.2832,-25.2758,-0.1325,3.311,105.065,True,-5.3691,-6.2832,-17.5935,-0.1413,2.1735,102.38,True
1719594113.0748305,-5.3428,-6.2832,-22.2722,-0.0668,1.2778,103.775,True,-5.7529,-6.2832,-12.9618,-0.2103,2.5708,102.2394,False
1719594113.1034312,-5.9478,0.0,-18.2921,0.0043,-0.033,102.755,False,-6.0047,0.0,-9.7309,-0.6148,10.7317,102.3331,False
1719594113.1335561,-6.4734,0.0,-15.3631,-0.0071,0.1119,102.8019,False,-5.3174,0.0,38.1547,-0.0983,-3.2095,102.4737,False
1719594113.1631496,-6.6921,0.0,-0.2291,-0.0165,-0.0002,102.7081,False,-3.9672,0.0,45.2008,-0.0008,-0.0069,102.4269,False
1719594113.1938972,-6.4987,0.0,8.9214,-0.0126,-0.0566,103.8825,False,-2.714,0.0,39.3446,0.0393,1.4814,102.4737,False
1719594113.2251556,-6.1133,0.0,15.7961,-0.0358,-0.3948,103.3988,False,-1.6742,0.0,28.5306,0.0461,1.261,102.2862,False
1719594113.2559264,-5.4604,0.0,23.6914,-0.0331,-0.6893,104.0437,False,-0.9593,0.0,20.9492,0.0071,0.1896,102.5206,False
1719594113.2868738,-4.6799,-6.2832,24.9485,0.0048,0.106,104.9037,True,-0.2944,-6.2832,21.641,0.0042,0.0665,102.3331,False
1719594113.3177438,-3.9919,-6.2832,20.1813,0.0175,0.3345,103.56,True,0.2505,-6.2832,16.3001,0.005,0.0702,102.2394,False
1719594113.3467538,-3.4161,0.0,16.536,-0.0259,-0.2152,99.8487,False,0.6662,0.0,11.6966,0.0664,0.8797,102.38,False
1719594113.3767414,-2.916,0.0,16.4876,0.0031,0.0688,96.5448,False,0.9184,0.0,4.6043,0.0289,0.1008,102.2394,False
1719594113.4064593,-2.4613,0.0,14.0837,0.0039,0.0473,93.9534,False,0.8794,0.0,-2.2109,-0.0052,-0.0051,102.1925,False
1719594113.436828,-2.081,0.0,11.4003,0.0119,0.1222,92.5741,False,0.825,0.0,-2.6401,0.0096,-0.0083,102.4269,False
1719594113.4669676,-1.8342,0.0,5.7435,0.0537,0.2262,92.3234,False,0.7473,0.0,-1.7219,0.0101,-0.0031,102.5206,False
1719594113.4959354,-1.732,0.0,2.4133,0.0174,0.0073,92.2398,False,0.7447,0.0,0.1747,-0.0,-0.003,102.4269,False
1719594113.5254617,-1.7294,0.0,0.0821,0.0024,0.0006,92.2398,False,0.7432,0.0,-0.0392,0.0022,-0.0003,102.1456,False
1719594113.5554118,-1.7296,0.0,-0.0278,0.0046,-0.0016,92.2398,False,0.7431,0.0,0.0138,0.0072,0.0005,102.4269,False
1719594113.5851185,-1.7289,0.0,-0.0845,-0.0,0.0003,92.0726,False,0.7423,0.0,-0.157,0.0029,0.0006,102.38,False
1719594113.6155853,-1.7272,0.0,0.2033,0.0049,-0.0005,92.2398,False,0.7426,0.0,0.0546,-0.0,-0.0036,102.4269,False
1719594113.6452117,-1.695,0.0,1.7531,-0.0074,-0.0015,92.2398,False,0.742,0.0,0.0172,0.0,0.0,102.3331,False
1719594113.6756027,-1.6485,0.0,1.0093,-0.004,-0.0006,92.2398,False,0.742,0.0,-0.1659,0.0021,-0.0,102.38,False
1719594113.7058089,-1.5843,0.0,1.9054,0.0009,0.0015,92.2398,False,0.7438,0.0,0.0288,-0.0005,-0.0012,102.38,False
1719594113.7355857,-1.5077,0.0,2.8559,-0.0035,-0.0035,92.198,False,0.7452,0.0,0.0958,-0.0024,-0.0003,102.4269,False
1719594113.7661715,-1.4086,0.0,4.2736,-0.0008,0.001,92.2398,False,0.7449,0.0,0.0255,-0.005,-0.0008,102.5206,False
1719594113.7980375,-1.2925,0.0,2.8986,-0.0012,-0.002,92.1562,False,0.7461,0.0,-0.006,0.0051,0.0011,102.2394,False
1719594113.8281608,-1.2154,0.0,1.7438,-0.0,-0.0,92.1144,False,0.7456,0.0,0.0963,0.0076,0.001,104.6888,False
1719594113.8598244,-1.2439,0.0,-2.0736,0.0067,-0.0055,92.198,False,0.7455,-6.2832,-0.1151,0.0002,0.0001,105.495,True
1719594113.890302,-1.3133,0.0,-3.5441,-0.0018,0.0009,92.1562,False,0.6757,-6.2832,-4.369,0.0182,-0.0085,106.5163,True
1719594113.9204674,-1.4752,0.0,-6.4833,-0.0022,0.0042,92.3234,False,0.5154,-6.2832,-7.9171,0.0022,-0.0425,107.215,True
1719594113.9515648,-1.7038,0.0,-8.2174,0.0043,-0.0784,92.1562,False,0.2662,-6.2832,-11.3025,0.0254,-0.147,107.9137,True
1719594113.9812858,-1.9653,0.0,-8.8779,0.0166,-0.0785,92.0726,False,-0.0585,-6.2832,-13.8257,0.0067,-0.0544,108.1825,True
1719594114.012539,-2.2505,0.0,-9.3826,-0.0049,0.0351,96.503,False,-0.4753,-6.2832,-16.9481,0.0083,-0.092,108.2363,True
1719594114.0268264,-2.4189,0.0,-13.1708,0.0115,-0.1243,95.3327,False,-0.6774,-6.2832,-16.7478,0.0143,-0.0851,107.1612,True
1719594114.056731,-2.8905,0.0,-15.1769,0.0042,-0.016,102.0987,False,-1.1214,-6.2832,-17.6664,-0.0138,0.2833,105.925,True
1719594114.0864902,-3.3125,0.0,-14.4097,-0.0053,0.0415,108.6125,False,-1.6464,-6.2832,-21.0977,0.0117,-0.0704,105.2262,True
1719594114.1181722,-3.7724,-6.2832,-14.019,-0.0006,0.028,117.587,True,-2.276,-6.2832,-23.4481,-0.0945,1.5716,104.0437,True
1719594114.1478322,-4.266,-6.2832,-18.5274,-0.0019,0.0111,122.1723,True,-2.9093,-6.2832,-25.6772,-0.0261,0.4142,102.5675,True
1719594114.1764996,-4.8309,-6.2832,-21.4448,0.0077,-0.1702,123.1163,True,-3.5948,-6.2832,-27.3264,-0.0187,0.6498,102.4269,False
1719594114.207083,-5.4338,-6.2832,-18.6196,-0.099,1.8919,122.487,True,-4.3418,-6.2832,-26.6325,-0.1456,3.4065,102.4269,False
1719594114.2520494,-6.1167,-6.2832,-11.8735,-0.1231,1.6236,118.7894,True,-5.2931,-6.2832,-19.3939,-0.2127,3.8279,102.3331,False
1719594114.2963786,-6.5104,-6.2832,-5.1817,-0.1767,1.1939,110.8377,True,-5.9824,-6.2832,-13.1242,-0.2027,2.7287,102.4737,False
1719594114.3254225,-6.6212,-6.2832,-1.9028,-0.1493,0.4969,105.1188,True,-6.2799,-6.2832,-10.0726,-0.1114,0.9298,102.38,False
1719594114.3560836,-6.6218,-6.2832,1.1779,-0.0614,0.0247,100.9737,True,-6.464,-6.2832,-4.8393,-0.1615,0.7432,102.3331,False
1719594114.38505,-6.5152,0.0,5.1194,-0.0925,-0.0317,96.2941,False,-6.5244,0.0,-1.5864,-0.3168,2.0733,102.4269,False
1719594114.414089,-6.1665,0.0,15.2928,-0.022,-0.2484,92.4905,False,-6.1526,0.0,17.3987,-0.0249,-0.2896,102.38,False
1719594114.4440513,-5.6018,0.0,21.1831,-0.0186,-0.2381,90.7928,False,-5.6667,0.0,14.3046,0.0219,0.2656,102.5206,False
1719594114.4741,-4.909,0.0,23.4502,-0.0,-0.0,91.0586,False,-5.3332,0.0,9.5197,0.0122,0.0835,102.3331,False
1719594114.503966,-4.1997,0.0,22.7375,0.0036,0.1396,91.0206,False,-5.117,0.0,5.9571,0.0192,0.0681,102.1925,False
1719594114.5348895,-3.5437,0.0,21.3391,0.0102,0.2328,90.8688,False,-4.9532,0.0,5.4228,-0.0124,-0.02,102.1925,False
1719594114.5650876,-2.8963,0.0,21.5166,0.0073,-0.0032,90.9447,False,-4.7691,0.0,6.664,-0.0119,-0.0347,102.2862,False
1719594114.5944924,-2.2875,0.0,19.4315,0.0048,0.085,90.9067,False,-4.5641,0.0,7.6165,-0.0063,-0.0235,102.2862,False
1719594114.6248693,-1.7364,0.0,17.2281,0.0083,0.1592,91.0206,False,-4.2929,0.0,9.617,-0.0,-0.0,102.2862,False
1719594114.6546035,-1.2649,0.0,14.6687,-0.0,-0.0,90.9827,False,-4.002,0.0,8.7351,0.0016,0.0245,102.4737,False
1719594114.68379,-0.8779,0.0,11.416,0.0147,0.2219,91.1725,False,-3.8094,0.0,4.9043,0.0089,0.0267,102.1925,False
1719594114.7152452,-0.5903,0.0,8.2921,0.0115,0.0951,91.1345,False,-3.7095,0.0,1.925,0.005,0.0004,102.2394,False
1719594114.7443416,-0.379,0.0,6.0919,0.026,0.0897,91.2484,False,-3.7106,0.0,0.122,0.0045,-0.0011,102.4269,False
1719594114.7746606,-0.2534,0.0,2.5811,0.0195,0.0097,91.1725,False,-3.7106,0.0,0.0426,-0.0043,-0.0009,102.2862,False
1719594114.805099,-0.2467,0.0,-0.0524,-0.0,0.0,91.2864,False,-3.7128,0.0,-0.1409,-0.0044,-0.0007,102.38,False
1719594114.8343475,-0.247,0.0,-0.0046,-0.0065,0.0004,91.2484,False,-3.7143,0.0,-0.1607,-0.0,-0.0,102.2394,False
1719594114.8657174,-0.2469,0.0,0.0802,0.0,-0.0,91.2864,False,-3.7142,0.0,-0.1607,0.0092,0.0016,106.6237,False
1719594114.8955843,-0.3122,0.0,-5.5276,0.0001,0.0046,91.3244,False,-3.7141,-6.2832,0.1709,-0.0,0.0,106.1937,True
1719594114.925372,-0.594,0.0,-11.7227,0.011,-0.1424,91.3623,False,-3.7804,-6.2832,-3.8463,0.0048,0.0017,106.3012,True
1719594114.9552286,-1.0002,0.0,-14.916,0.0208,-0.2068,91.4003,False,-3.9289,-6.2832,-7.4508,-0.0057,0.0214,106.8925,True
1719594114.9856133,-1.5283,0.0,-18.9347,0.017,-0.2479,97.7862,False,-4.1682,-6.2832,-10.8801,0.0027,-0.0738,106.7312,True
1719594115.016444,-2.3407,0.0,-30.524,0.0096,-0.2447,97.6456,False,-4.4735,-6.2832,-13.3049,-0.0004,-0.0596,105.28,True
1719594115.045249,-3.118,0.0,-23.4283,-0.0141,0.2778,99.005,False,-4.8199,-6.2832,-15.7636,0.0073,-0.027,105.1188,True
1719594115.0754805,-3.8727,0.0,-26.2442,0.0147,-0.3286,99.4269,False,-5.2304,-6.2832,-17.4781,-0.0152,0.3691,103.99,True
1719594115.1061356,-4.6273,0.0,-23.6487,-0.0108,0.2627,99.0519,False,-5.6472,-6.2832,-14.2284,-0.1479,1.8677,102.7081,True
1719594115.135807,-5.2747,0.0,-20.8711,0.0,-0.0,98.63,False,-5.9435,0.0,-10.4668,-0.6014,11.3573,102.4737,False
1719594115.165212,-5.8903,0.0,-19.9349,0.0046,-0.0868,98.1612,False,-5.2931,0.0,37.7282,-0.1086,-3.5023,102.38,False
1719594115.195461,-6.3419,0.0,-10.0271,-0.031,0.3361,97.88,False,-3.8773,0.0,49.4337,-0.005,-0.208,102.5206,False
1719594115.225527,-6.3985,0.0,2.496,0.0085,0.0049,98.4894,False,-2.521,0.0,41.2106,0.0393,1.5245,103.2912,False
1719594115.255339,-6.3877,0.0,0.312,0.0036,0.0006,99.1456,False,-1.4892,-6.2832,27.8104,0.0533,1.4321,103.2912,True
1719594115.285509,-6.3806,0.0,0.2997,-0.0,-0.0,99.8019,False,-0.5737,-6.2832,28.7338,0.1516,4.3654,102.9425,True
1719594115.316661,-6.3788,0.0,-0.1573,0.0011,0.0002,101.3956,False,0.244,-6.2832,24.5507,0.1334,3.3333,103.5062,True
1719594115.3466284,-6.3824,0.0,-0.0901,-0.0048,0.0001,102.5206,False,0.9112,-6.2832,20.7736,0.1696,3.5857,104.0975,True
1719594115.3766491,-6.3838,0.0,-0.0011,0.0034,0.0001,103.99,False,1.4793,-6.2832,17.1011,0.1911,3.3237,104.635,True
1719594115.406878,-6.3841,0.0,0.0061,0.0068,0.0004,105.71,False,1.936,-6.2832,14.2205,0.0649,0.982,104.0975,True
1719594115.4378316,-6.3855,-6.2832,-0.1459,0.0,-0.0,107.645,True,2.2941,-6.2832,10.6222,0.0643,0.7141,103.0831,True
1719594115.4678636,-6.3246,-6.2832,3.0408,0.0388,0.0517,110.3284,True,2.5325,-6.2832,6.3664,0.0943,0.7681,102.9425,True
1719594115.4985626,-6.3039,-6.2832,-0.134,0.0589,0.0397,112.6842,True,2.6574,-6.2832,1.3538,0.1563,0.5706,103.345,True
1719594115.5292113,-6.3046,-6.2832,-0.3885,0.0368,0.0114,114.3397,True,2.6856,-6.2832,-0.5539,0.0379,0.0239,107.1612,True
1719594115.5723293,-6.3021,-6.2832,-0.0554,0.0133,-0.0047,119.4188,True,2.5382,-6.2832,-6.9216,-0.005,0.0084,104.2588,True
1719594115.6027205,-6.3038,-6.2832,-0.031,-0.0012,-0.001,123.2737,True,2.3295,-6.2832,-9.5315,-0.0094,0.0541,104.205,True
1719594115.6328547,-6.3042,-6.2832,-0.3204,0.0168,0.0027,126.4205,True,2.0422,-6.2832,-12.1157,-0.0064,0.0535,102.4737,True
1719594115.66198,-6.295,-6.2832,0.6417,-0.0438,0.0184,133.9277,True,1.7176,-6.2832,-14.6648,-0.0182,0.1671,103.9362,False
1719594115.6930525,-6.2905,-6.2832,-0.4594,0.0336,0.0265,149.1189,True,1.2998,-6.2832,-16.1827,-0.0355,0.3839,102.38,True
1719594115.7230403,-6.2861,-6.2832,0.0951,-0.02,-0.0014,154.6117,True,0.8353,-6.2832,-19.5087,-0.0143,0.2435,102.4737,False
1719594115.7522733,-6.2821,-6.2832,0.116,-0.0048,0.0018,144.9993,True,0.3113,-6.2832,-21.9028,-0.0186,0.5035,102.4269,False
1719594115.7826295,-6.2818,-6.2832,0.1401,-0.0209,0.0029,130.3019,True,-0.2932,-6.2832,-23.9362,-0.0138,0.3827,102.2394,False
1719594115.8134346,-6.276,-6.2832,0.2394,-0.0071,0.0012,115.1038,True,-0.993,-6.2832,-27.0625,-0.0115,0.3461,102.38,False
1719594115.8572974,-6.2625,-6.2832,0.2273,-0.0482,-0.0004,96.8792,True,-2.203,-6.2832,-32.5437,-0.0034,0.3628,102.3331,False
1719594115.885333,-6.259,0.0,0.0725,-0.2107,0.668,91.1725,False,-3.1019,0.0,-35.0344,-0.2455,9.3554,102.4737,False
1719594115.9150116,-5.9868,0.0,12.4872,-0.0177,-0.1348,91.2105,False,-3.6044,0.0,-2.0523,-0.1246,0.1053,102.4269,False
1719594115.9449546,-5.6247,0.0,12.7842,-0.0098,-0.0888,91.2864,False,-3.2799,0.0,12.732,0.0064,0.0484,102.38,False
1719594115.9745696,-5.1172,0.0,19.6288,-0.032,-0.4354,91.3623,False,-3.0241,0.0,6.213,0.0272,0.1252,102.5206,False
1719594116.004262,-4.4147,0.0,25.6122,-0.0139,-0.3401,91.4762,False,-2.9033,0.0,3.8691,-0.0065,-0.0064,102.38,False
1719594116.0340943,-3.5983,0.0,27.6157,-0.0076,-0.1108,91.5142,False,-2.7191,0.0,7.8081,-0.0176,-0.0151,102.4737,False
1719594116.063818,-2.8059,0.0,26.5532,-0.0002,-0.0699,91.5522,False,-2.4907,0.0,7.4076,0.001,0.0067,102.3331,False
1719594116.0938365,-2.048,0.0,23.7255,0.0129,0.2777,91.4762,False,-2.2647,0.0,7.0579,-0.0084,-0.0371,102.3331,False
1719594116.1238666,-1.4076,0.0,19.5774,0.0075,0.1848,91.7041,False,-2.0988,0.0,4.2932,0.0212,0.0296,102.38,False
1719594116.153638,-0.8815,0.0,16.3026,0.0195,0.3111,91.78,False,-2.0023,0.0,4.1338,0.0103,0.007,102.2862,False
1719594116.1840746,-0.4821,0.0,11.0143,0.0196,0.1834,91.8218,False,-1.8863,0.0,3.6971,0.0095,0.0117,102.4269,False
1719594116.2137787,-0.2228,0.0,7.1991,0.0156,0.1384,92.0726,False,-1.8097,0.0,1.0828,0.0041,0.0002,102.4269,False
1719594116.2442245,-0.101,0.0,1.9566,0.0028,0.0029,92.2816,False,-1.8077,0.0,0.3778,0.0033,-0.0008,102.2394,False
1719594116.2740757,-0.0989,0.0,0.0198,-0.0065,-0.0004,92.5323,False,-1.7913,0.0,-1.0795,-0.0077,0.0031,102.2862,False
1719594116.3041472,-0.0996,0.0,-0.0851,-0.0048,-0.0009,92.7413,False,-1.7893,0.0,0.067,0.0151,-0.0009,102.5206,False
1719594116.3342457,-0.0993,0.0,0.1087,0.0015,0.0001,92.8667,False,-1.7909,0.0,-0.2139,-0.0,0.0,102.4737,False
1719594116.364888,-0.0995,0.0,0.0309,-0.0078,-0.0019,92.9921,False,-1.7908,0.0,-0.0272,0.0,-0.0,102.2862,False
1719594116.3946738,-0.0994,0.0,0.0695,0.0,-0.0,93.0339,False,-1.791,0.0,-0.0356,-0.0003,-0.0011,102.38,False
1719594116.424682,-0.1003,0.0,0.0108,-0.0096,-0.0005,93.0339,False,-1.793,0.0,-0.1568,-0.0022,-0.0001,102.3331,False
1719594116.454619,-0.1004,0.0,-0.0389,-0.0014,-0.0002,92.9921,False,-1.7946,0.0,-0.0478,0.007,-0.0012,102.5206,False
1719594116.484777,-0.1227,0.0,-2.6547,0.0113,-0.0088,93.0339,False,-1.7913,0.0,0.2875,-0.0074,0.0001,104.3662,False
1719594116.5152075,-0.4031,0.0,-12.2089,0.0251,-0.171,93.0339,False,-1.788,-6.2832,0.1446,0.005,-0.0006,107.1612,True
1719594116.545671,-0.921,0.0,-22.012,0.04,-0.688,95.3327,False,-1.8541,-6.2832,-4.0058,-0.0059,0.0045,107.4837,True
1719594116.5754247,-1.8552,0.0,-33.6055,-0.0133,0.3512,103.8288,False,-1.9794,-6.2832,-6.6106,-0.0149,0.0336,107.9137,True
1719594116.6056883,-2.8223,0.0,-32.6438,0.0067,-0.305,109.6875,False,-2.1769,-6.2832,-9.4158,-0.0177,0.0731,107.5375,True
1719594116.621476,-3.3929,-6.2832,-37.1516,0.0414,-1.2554,109.3112,True,-2.2794,-6.2832,-9.0817,-0.032,0.0896,106.9463,True
1719594116.6516588,-4.3278,-6.2832,-28.8502,-0.0058,0.2401,107.215,True,-2.5165,-6.2832,-11.1866,-0.017,0.0983,105.8712,True
1719594116.680702,-5.1873,-6.2832,-26.0922,-0.0099,0.2805,105.71,True,-2.8063,-6.2832,-13.4601,-0.0362,0.2825,105.8712,True
1719594116.7114723,-5.9586,-6.2832,-22.8952,0.0072,-0.088,104.0975,True,-3.1695,-6.2832,-15.6218,-0.0778,0.7547,104.4737,True
1719594116.7408082,-6.6067,-6.2832,-18.8253,-0.0929,1.9162,103.4525,True,-3.5791,-6.2832,-18.2463,0.0098,-0.0702,103.0362,True
1719594116.7701154,-7.1218,0.0,-15.1515,-0.0472,0.7023,102.9894,False,-4.0395,-6.2832,-20.0712,-0.0086,0.2258,102.7081,True
1719594116.8002112,-7.5528,0.0,-13.2578,-0.0096,0.1052,102.9425,False,-4.5476,0.0,-21.5358,-0.8365,28.5391,102.5206,False
1719594116.8290455,-7.9317,0.0,-13.2142,0.0124,-0.0727,102.7081,False,-3.9862,0.0,40.5674,-0.1083,-3.6169,102.4737,False
1719594116.8595965,-8.2681,0.0,-8.2595,-0.0262,0.1807,102.6612,False,-2.3899,0.0,55.6116,-0.0323,-1.5301,102.4269,False
1719594116.8888369,-8.2975,0.0,2.4795,-0.0163,-0.0071,103.13,False,-0.8206,0.0,51.9071,0.0221,1.0341,102.4737,False
1719594116.9187443,-8.0657,0.0,10.6377,-0.0059,-0.0541,106.0325,False,0.572,0.0,41.1785,0.0566,2.1778,104.1512,False
1719594116.950251,-7.8487,-6.2832,2.5689,-0.0012,0.0008,107.4837,True,1.609,-6.2832,29.2223,0.0162,0.4609,102.4269,True
1719594116.9804564,-7.5628,-6.2832,10.6447,-0.0171,-0.1082,111.0288,True,2.5068,-6.2832,27.0158,0.1488,4.3247,105.28,False
1719594117.0100217,-7.2077,-6.2832,14.0006,-0.0038,-0.0107,115.1038,True,3.2723,-6.2832,24.9448,0.0343,0.8714,102.5206,True
1719594117.0405073,-6.7676,-6.2832,16.0666,-0.0294,-0.2536,118.0327,True,3.9428,-6.2832,20.3566,0.0809,1.7478,102.5675,False
1719594117.0706446,-6.3882,-6.2832,10.1299,-0.001,0.0444,111.6018,True,4.512,-6.2832,16.756,0.1576,3.0514,102.5206,False
1719594117.1008155,-6.0916,-6.2832,7.285,0.0541,0.4014,107.1612,True,4.9822,-6.2832,13.5996,0.1159,1.6869,102.3331,False
1719594117.1449249,-5.8524,-6.2832,1.8536,0.0903,0.3788,102.7081,True,5.4429,-6.2832,7.2711,0.1535,1.4283,102.2394,False
1719594117.1730995,-5.8088,0.0,-1.0941,-0.2441,1.1475,99.4737,False,5.6001,0.0,4.1258,0.1682,0.9112,102.3331,False
1719594117.203154,-5.4964,0.0,16.6368,-0.0297,-0.2874,98.7706,False,5.4849,0.0,-6.6902,0.008,-0.0177,102.3331,False
1719594117.233688,-4.9131,0.0,18.8837,-0.0079,-0.1297,96.921,False,5.339,0.0,-3.805,0.0023,-0.0056,102.3331,False
1719594117.2633965,-4.353,0.0,19.2772,-0.0124,-0.2074,94.8312,False,5.2073,0.0,-4.8359,0.001,0.0106,102.3331,False
1719594117.2937849,-3.6945,0.0,22.446,-0.0066,-0.2006,93.4519,False,5.0016,0.0,-8.3289,0.003,-0.0243,102.38,False
1719594117.3238604,-3.0591,0.0,19.7351,0.0127,0.2367,92.5323,False,4.6592,0.0,-12.9281,-0.0011,-0.0389,102.2394,False
1719594117.3544173,-2.5415,0.0,14.9238,0.0402,0.5507,92.2816,False,4.2089,0.0,-15.783,0.0078,-0.0599,102.4269,False
1719594117.3843806,-2.2129,0.0,7.9075,0.0156,0.1018,92.198,False,3.7492,0.0,-14.2285,-0.0099,0.1146,102.38,False
1719594117.4136767,-2.0979,0.0,2.2158,0.0049,0.0021,92.2398,False,3.3899,0.0,-10.9866,-0.0126,0.1132,102.4269,False
1719594117.4433212,-2.0785,0.0,-0.0554,-0.0051,-0.001,92.2398,False,3.0824,0.0,-10.1374,-0.0147,0.1116,102.38,False
1719594117.473789,-2.0769,0.0,0.1301,-0.0024,0.0004,92.1562,False,2.8291,0.0,-6.8322,-0.0297,0.1409,102.2394,False
1719594117.5039504,-2.0406,0.0,1.5028,0.0013,-0.0007,92.2816,False,2.7128,0.0,-2.3891,-0.0094,0.0066,102.3331,False
1719594117.5333626,-2.0275,0.0,-0.1132,-0.0,0.0,92.198,False,2.6939,0.0,-0.2077,-0.0,0.0,102.38,False
1719594117.563066,-2.0219,0.0,0.624,0.0079,0.0001,92.3234,False,2.6947,0.0,0.1674,-0.0024,-0.0016,102.1925,False
1719594117.5927436,-1.9621,0.0,1.6784,-0.0109,-0.0041,92.4487,False,2.6938,0.0,-0.0927,-0.0098,0.0004,104.0975,False
1719594117.623574,-1.9661,0.0,-0.1498,-0.0047,0.0003,92.4487,False,2.6942,-6.2832,-0.0533,-0.0052,0.0008,105.0112,True
1719594117.6526132,-1.9679,0.0,-0.1101,0.0062,-0.0008,92.2816,False,2.6213,-6.2832,-4.7737,0.0044,0.0038,105.4412,True
1719594117.6821225,-1.9697,0.0,-0.0604,-0.0081,-0.0004,92.4905,False,2.4641,-6.2832,-7.6565,0.0031,-0.0068,105.8712,True
1719594117.7122345,-2.0008,0.0,-1.1025,0.0041,-0.0015,92.5323,False,2.2211,-6.2832,-10.8624,0.0081,-0.0671,106.3012,True
1719594117.7417135,-2.0201,0.0,0.0443,0.0048,-0.0006,92.5323,False,1.9033,-6.2832,-13.6251,0.0004,-0.0083,106.6775,True
1719594117.7717893,-2.0203,0.0,0.0221,0.008,-0.0012,92.5323,False,1.4936,-6.2832,-16.4525,0.0099,-0.1137,106.9463,True
1719594117.8018363,-2.0202,0.0,0.0653,-0.0048,0.0006,92.5741,False,1.0,-6.2832,-19.2593,-0.0001,0.0026,106.57,True
1719594117.831638,-2.0206,0.0,-0.0285,-0.0035,0.0003,92.4905,False,0.417,-6.2832,-22.311,0.0083,0.1633,106.57,True
1719594117.8618605,-2.0203,0.0,0.026,-0.0048,0.0006,92.4487,False,-0.2543,-6.2832,-25.196,0.0231,-0.4052,106.5163,True
1719594117.8913527,-2.1524,0.0,-9.0282,0.017,-0.0592,95.4163,False,-0.9601,-6.2832,-27.1827,-0.0086,0.3155,105.3875,True
1719594117.9216106,-2.3874,0.0,-5.4046,-0.0531,0.1708,103.8288,False,-1.76,-6.2832,-29.1897,-0.0314,0.8313,105.1188,True
1719594117.9514494,-2.5115,0.0,-4.511,-0.0006,0.0002,111.4745,False,-2.5886,-6.2832,-31.6869,-0.0374,0.8583,104.205,True
1719594117.9816852,-2.6411,-6.2832,-3.4474,-0.0049,0.016,125.7125,True,-3.4666,-6.2832,-32.0176,-0.1492,4.267,102.9894,True
1719594118.0122461,-2.8382,-6.2832,-9.034,0.0105,-0.0228,135.2744,True,-4.2901,-6.2832,-26.3682,-0.251,6.1003,102.4737,True
1719594118.0427823,-3.128,-6.2832,-11.7635,0.0078,-0.0631,138.693,True,-4.9505,-6.2832,-21.9355,-0.2196,4.2072,102.5206,False
1719594118.0722141,-3.5097,-6.2832,-15.2137,0.0124,-0.1335,137.5534,True,-5.4499,-6.2832,-17.1027,-0.213,3.2462,102.4737,False
1719594118.1022873,-3.9814,-6.2832,-17.9363,0.024,-0.2955,124.4538,True,-5.8388,-6.2832,-13.4185,-0.1098,1.2051,102.4737,False
1719594118.1336558,-4.5592,-6.2832,-21.0181,0.0169,-0.216,109.2038,True,-6.1252,-6.2832,-8.2802,-0.1966,1.6342,102.3331,False
1719594118.1633022,-5.1628,-6.2832,-19.9017,-0.1134,2.5324,100.3644,True,-6.2937,-6.2832,-5.3061,-0.1236,0.6456,102.5206,False
1719594118.191658,-5.6558,0.0,-15.1567,-0.2958,5.4424,94.7894,False,-6.3531,0.0,-1.3685,-0.2622,1.4456,102.4269,False
1719594118.2218986,-5.5772,0.0,12.0597,-0.0164,-0.1439,91.5522,False,-6.0202,0.0,15.1942,-0.0162,-0.1616,102.5675,False
1719594118.2524595,-5.102,0.0,17.9531,-0.0396,-0.2631,91.7041,False,-5.6177,0.0,11.2839,0.0159,0.1305,102.4269,False
1719594118.2815785,-4.5243,0.0,19.8904,-0.0098,-0.155,91.78,False,-5.3441,0.0,8.4343,0.0181,0.1059,102.4737,False
1719594118.3121831,-3.9362,0.0,19.0921,-0.0095,-0.1632,91.742,False,-5.1028,0.0,8.1696,0.0165,0.0787,102.38,False
1719594118.3414114,-3.371,0.0,18.4161,-0.0063,-0.124,91.742,False,-4.87,0.0,7.3434,0.0069,0.0348,102.4737,False
1719594118.371827,-2.8376,0.0,17.3618,0.0054,0.0472,91.9472,False,-4.6738,0.0,5.9245,-0.0032,-0.0123,102.38,False
1719594118.4020836,-2.3536,0.0,15.1603,0.0088,0.2691,92.0308,False,-4.4726,0.0,7.435,0.0034,0.0102,102.4269,False
1719594118.4316077,-1.946,0.0,12.8358,0.0123,0.1166,92.0308,False,-4.231,0.0,9.0051,0.0104,-0.0557,102.1925,False
1719594118.4616578,-1.6103,0.0,10.153,0.0052,0.0059,92.1562,False,-3.9671,0.0,7.9454,-0.0023,0.042,102.5206,False
1719594118.491547,-1.3326,0.0,8.5777,0.0104,0.0346,92.3234,False,-3.7957,0.0,4.0035,0.0049,0.0101,102.38,False
1719594118.522035,-1.0818,0.0,8.4171,-0.0,0.051,92.2398,False,-3.7087,0.0,1.8551,0.0094,0.0038,102.1925,False
1719594118.5517192,-0.8601,0.0,6.9852,0.0003,-0.0012,92.5323,False,-3.7072,0.0,0.1759,-0.0046,0.0,102.38,False
1719594118.581931,-0.7306,0.0,2.1515,0.0049,0.0018,92.6159,False,-3.7094,0.0,-0.097,-0.0085,-0.002,102.2862,False
1719594118.6123946,-0.7358,0.0,0.084,-0.0027,-0.0,92.7831,False,-3.7107,0.0,0.0684,0.0046,-0.001,102.3331,False
1719594118.6422346,-0.7364,0.0,-0.1001,0.0027,-0.0004,92.8667,False,-3.7117,0.0,-0.0675,-0.0,-0.0,102.1456,False
1719594118.6717653,-0.7359,0.0,0.1609,0.0071,0.0005,92.9085,False,-3.7117,0.0,-0.0982,-0.0087,-0.0017,106.57,False
1719594118.7028627,-0.7883,0.0,-4.5781,0.0205,-0.0273,92.9503,False,-3.7115,-6.2832,-0.0067,0.0087,-0.0004,106.785,True
1719594118.7325618,-1.0606,0.0,-11.3218,0.0402,-0.2815,93.0757,False,-3.7774,-6.2832,-3.7479,-0.0197,0.0194,107.1612,True
1719594118.7629974,-1.5178,0.0,-17.5397,0.0016,-0.0393,93.0339,False,-3.929,-6.2832,-7.5325,-0.0158,0.0593,107.3763,True
1719594118.792432,-2.1283,0.0,-23.8974,0.029,-0.5459,96.7538,False,-4.1581,-6.2832,-10.3216,0.0043,0.1096,106.4088,True
1719594118.8231711,-3.0304,0.0,-29.6673,-0.0069,0.101,100.2237,False,-4.4611,-6.2832,-12.7722,-0.0076,0.091,105.0112,True
1719594118.853061,-3.8077,0.0,-25.6331,-0.0,0.0,100.5519,False,-4.8114,-6.2832,-15.3749,0.0127,-0.1072,104.85,True
1719594118.8829544,-4.6368,0.0,-27.7082,-0.0017,0.0915,100.3175,False,-5.2175,-6.2832,-17.1135,-0.0222,0.2453,103.56,True
1719594118.9127066,-5.4011,0.0,-23.4725,-0.0136,0.2591,99.8487,False,-5.6264,-6.2832,-14.4523,-0.1639,2.0855,102.7081,True
1719594118.9421086,-6.0324,0.0,-19.8765,-0.008,0.1281,99.6144,False,-5.936,0.0,-10.5415,-0.5886,10.9966,102.4269,False
1719594118.9720824,-6.5967,0.0,-17.4466,-0.0173,0.2437,99.38,False,-5.2936,0.0,37.5261,-0.1017,-3.2654,102.4737,False
1719594119.0017025,-6.9654,0.0,-7.37,-0.0664,0.3818,99.2394,False,-3.8991,0.0,48.8841,-0.0048,-0.2117,102.6612,False
1719594119.0319028,-6.9702,0.0,2.2315,0.0007,-0.0007,99.8019,False,-2.581,0.0,39.7344,0.0376,1.4474,103.3988,False
1719594119.0633364,-6.9739,0.0,-0.0562,0.0018,-0.0001,99.8487,False,-1.6013,-6.2832,24.4916,0.081,1.8328,103.345,True
1719594119.0924256,-6.967,0.0,0.4268,0.0073,0.0011,100.505,False,-0.7799,-6.2832,25.8981,0.1365,3.6976,103.13,True
1719594119.1223154,-6.8961,0.0,2.854,0.0129,0.0091,101.1144,False,-0.0637,-6.2832,21.8266,0.1729,3.9143,103.775,True
1719594119.1521792,-6.903,0.0,0.039,-0.0012,-0.0008,102.0519,False,0.5197,-6.2832,18.6985,0.1166,2.1939,104.1512,True
1719594119.1823754,-6.9224,0.0,-1.777,0.0049,-0.0019,102.5675,False,0.9957,-6.2832,14.1276,0.117,1.7901,104.5275,True
1719594119.2127783,-6.9501,0.0,0.3898,0.0055,0.0007,103.1837,False,1.3574,-6.2832,10.8152,0.111,1.2374,104.5812,True
1719594119.2426584,-6.9519,0.0,-0.1117,-0.0083,-0.0011,103.7212,False,1.5962,-6.2832,6.6835,0.1019,0.8088,104.7962,True
1719594119.2728477,-6.9829,0.0,-3.2627,0.013,-0.0103,104.205,False,1.7272,-6.2832,2.629,0.157,0.563,105.3337,True
1719594119.3034418,-7.1739,-6.2832,-7.3832,0.0048,-0.0191,104.2588,True,1.7456,-6.2832,-0.6597,0.094,0.061,105.4412,True
1719594119.3334794,-7.2712,-6.2832,-1.8561,-0.0321,0.0618,103.8288,True,1.6663,-6.2832,-4.351,0.1257,0.043,105.71,True
1719594119.3627553,-7.2878,0.0,1.2981,0.2628,1.5891,103.6675,False,1.5069,-6.2832,-7.8469,0.0179,-0.0606,105.925,True
1719594119.3933225,-7.5201,0.0,-12.186,0.0162,-0.1216,103.345,False,1.2547,-6.2832,-10.277,0.005,-0.0347,105.8175,True
1719594119.4232478,-7.9389,0.0,-14.2284,0.0045,-0.0795,102.8956,False,0.9062,-6.2832,-13.5595,0.0063,-0.0611,105.6025,True
1719594119.453734,-8.3566,0.0,-13.635,-0.0028,0.0374,102.2394,False,0.4763,-6.2832,-17.0428,-0.0041,0.0476,105.2262,True
1719594119.483523,-8.7986,0.0,-15.2836,0.0062,-0.1475,101.8175,False,-0.0272,-6.2832,-19.6016,0.0079,-0.0748,104.6888,True
1719594119.5134256,-9.327,0.0,-20.2123,0.0265,-0.3586,101.255,False,-0.585,-6.2832,-21.8591,-0.0146,0.1888,104.2588,True
1719594119.5440958,-10.0878,0.0,-28.0204,0.0169,-0.3971,100.6925,False,-1.2193,-6.2832,-24.1555,-0.0089,0.0748,103.9362,True
1719594119.5745661,-11.0199,0.0,-30.5255,0.0008,-0.0514,99.38,False,-1.9368,-6.2832,-27.9185,-0.0025,0.1329,105.28,True
1719594119.6044576,-11.7785,0.0,-19.7563,-0.0641,1.2144,99.0519,False,-2.7164,-6.2832,-29.672,0.0068,-0.0706,110.01,True
1719594119.6342382,-12.0465,0.0,-2.4771,-0.0658,0.0494,99.5675,False,-3.5702,-6.2832,-30.9386,-0.0659,1.9236,113.2573,True
1719594119.663667,-12.0174,0.0,-1.071,0.0082,-0.0008,100.0831,False,-4.3642,-6.2832,-27.0464,-0.1599,3.7524,108.72,True
1719594119.6940112,-12.0241,0.0,-0.0673,-0.0,-0.0,100.3644,False,-5.0495,-6.2832,-21.8742,-0.1942,3.9043,103.3988,True
1719594119.7235312,-12.0501,0.0,-2.6827,0.0049,-0.0022,100.88,False,-5.5834,-6.2832,-16.957,-0.2136,3.1374,103.2912,True
1719594119.7531602,-12.0887,0.0,0.852,0.0031,0.0005,100.2237,False,-5.9486,-6.2832,-12.3044,-0.195,1.9179,102.8956,True
1719594119.7831044,-12.0534,0.0,3.7723,-0.0019,0.0016,99.5675,False,-6.173,0.0,-7.6077,-0.7875,13.712,102.755,False
1719594119.8126926,-11.8305,0.0,8.1081,0.0041,0.0249,99.8956,False,-5.3435,0.0,41.8059,-0.0428,-1.5793,102.8019,False
1719594119.842752,-11.6926,0.0,2.0954,0.0115,0.0005,100.5519,False,-4.1882,0.0,34.1617,0.034,1.0548,102.9894,False
1719594119.873668,-11.6901,0.0,-0.208,0.0,-0.0,100.88,False,-3.3252,-6.2832,22.2668,0.0608,1.2582,102.9425,True
1719594119.9032476,-11.6804,0.0,0.8204,-0.0042,-0.0008,100.88,False,-2.5871,-6.2832,22.3912,0.1444,3.5142,103.0831,True
1719594119.933381,-11.4942,0.0,9.1442,-0.0369,-0.1634,100.9737,False,-1.9778,-6.2832,18.3944,0.1603,3.212,103.3988,True
1719594119.9631283,-11.0901,0.0,16.1267,-0.0306,-0.328,100.9737,False,-1.4918,-6.2832,14.6617,0.1425,2.1985,103.5062,True
1719594119.9926095,-10.5035,0.0,21.4303,-0.0124,-0.3893,101.1144,False,-1.1361,-6.2832,10.1817,0.173,1.7759,103.8825,True
1719594120.023157,-9.7907,0.0,24.2943,-0.0085,-0.1713,101.0206,False,-0.8955,-6.2832,6.5265,0.1455,0.8914,103.775,True
1719594120.052233,-9.1202,0.0,20.8099,0.0391,0.7908,101.7706,False,-0.7701,-6.2832,3.2683,0.1222,0.573,103.7212,True
1719594120.0822701,-8.6571,0.0,11.3879,0.0429,0.4288,102.38,False,-0.7455,-6.2832,-0.3515,0.1087,0.1197,103.56,True
1719594120.1126053,-8.4842,0.0,1.4903,0.0092,0.0079,102.6612,False,-0.8197,-6.2832,-4.1296,0.0831,0.0359,103.345,True
1719594120.142758,-8.4963,0.0,-0.1014,0.0,-0.0004,103.2912,False,-0.9794,-6.2832,-7.3322,0.0097,-0.0273,102.8956,True
1719594120.171999,-8.5022,0.0,-0.0824,-0.0048,-0.0004,103.99,False,-1.2133,0.0,-10.3135,-0.1315,1.721,102.9894,False
1719594120.2030706,-8.5058,0.0,-0.2622,-0.0058,-0.0011,104.7425,False,-1.3558,-6.2832,2.0775,-0.0133,-0.0076,102.8956,True
1719594120.233682,-8.5935,-6.2832,-4.2195,-0.0011,0.0001,105.71,True,-1.5366,-6.2832,-7.8417,-0.007,0.0337,102.5206,False
1719594120.2626429,-8.6008,-6.2832,1.5269,-0.0973,0.1324,106.6237,True,-1.7721,-6.2832,-11.4241,0.0142,0.0042,102.4737,False
1719594120.2933283,-8.539,-6.2832,4.2325,-0.013,0.0117,107.9137,True,-2.0673,-6.2832,-13.1102,-0.0055,0.0825,102.4269,False
1719594120.323129,-8.3937,-6.2832,7.4753,-0.0058,0.0289,110.1373,True,-2.4143,-6.2832,-16.0957,0.0028,0.029,102.4269,False
1719594120.3532639,-8.1748,-6.2832,10.2366,-0.0096,-0.0136,113.7666,True,-2.8063,-6.2832,-17.4516,-0.0083,0.1153,102.38,False
1719594120.3828716,-7.8695,-6.2832,13.0061,-0.001,0.051,118.7107,True,-3.2645,-6.2832,-19.493,-0.024,0.5249,102.38,False
1719594120.413189,-7.5029,-6.2832,16.0568,-0.0333,-0.0915,126.5779,True,-3.7802,-6.2832,-21.7033,-0.0304,0.4718,102.2394,False
1719594120.4425714,-7.0622,-6.2832,17.2444,0.0539,0.7985,135.7923,True,-4.352,-6.2832,-23.8528,-0.0538,0.9805,102.3331,False
1719594120.4723046,-6.661,-6.2832,12.949,0.0756,0.8855,130.6127,True,-4.9596,-6.2832,-22.3368,-0.1171,2.3497,102.4269,False
1719594120.5026593,-6.3484,-6.2832,9.2344,0.0678,0.6126,113.3846,True,-5.4907,-6.2832,-17.1763,-0.1714,2.9195,102.4737,False
1719594120.532529,-6.1207,-6.2832,5.6,0.0119,0.0592,99.1925,True,-5.8996,-6.2832,-12.8569,-0.1692,2.0241,102.38,False
1719594120.5605435,-5.9905,0.0,2.2434,-0.1694,0.2019,96.921,False,-6.1818,0.0,-9.0486,-0.382,5.0925,102.3331,False
1719594120.5910668,-5.7738,0.0,7.8702,-0.0173,-0.0652,97.1769,False,-5.8646,0.0,18.3215,-0.0221,-0.3694,102.5206,False
1719594120.620985,-5.513,0.0,9.6004,-0.0145,-0.0718,97.1769,False,-5.3649,0.0,14.0986,0.0179,0.2639,102.4269,False
1719594120.6509955,-5.147,0.0,13.6511,-0.0128,-0.2106,97.2237,False,-5.0265,0.0,10.2346,0.001,-0.0038,102.4269,False
1719594120.6808321,-4.6356,0.0,17.8625,-0.0104,-0.1618,97.0882,False,-4.7007,0.0,11.4133,-0.0133,-0.1065,102.2394,False
1719594120.7114558,-4.0303,0.0,20.7592,-0.0176,-0.2798,97.2237,False,-4.3357,0.0,12.6294,-0.0123,-0.0914,102.3331,False
1719594120.7417407,-3.4177,0.0,19.9161,-0.0022,-0.0746,97.2237,False,-3.9139,0.0,14.3646,0.0004,-0.0954,102.3331,False
1719594120.7709854,-2.86,0.0,17.5596,0.0126,0.2199,97.13,False,-3.5103,0.0,12.4196,0.0045,0.1275,102.4737,False
1719594120.8022377,-2.3983,0.0,13.6475,0.0155,0.2425,97.2706,False,-3.2173,0.0,7.216,0.0218,0.1203,102.2394,False
1719594120.8313684,-2.0614,0.0,9.3348,0.0259,0.1942,97.2706,False,-3.082,0.0,3.6881,0.0132,0.017,102.4737,False
1719594120.8615623,-1.8558,0.0,4.9998,0.0078,0.0685,97.2237,False,-3.0074,0.0,2.0065,0.0107,0.0015,102.3331,False
1719594120.8912902,-1.747,0.0,3.3871,0.0091,0.0057,97.2706,False,-2.9913,0.0,0.739,0.0054,0.0013,102.4269,False
1719594120.9211245,-1.7355,0.0,-0.0935,-0.0,-0.0009,97.6925,False,-2.9907,0.0,-0.0873,-0.0,0.0,102.2862,False
1719594120.951473,-1.736,0.0,-0.0994,0.0031,-0.0002,97.505,False,-2.9944,0.0,-0.1783,0.0,-0.0,102.3331,False
1719594120.981636,-1.7364,0.0,-0.0537,-0.0,-0.0025,97.4581,False,-2.9952,0.0,0.0022,-0.0027,0.0009,102.3331,False
1719594121.010977,-1.7362,0.0,-0.0493,0.0,-0.0,97.505,False,-2.9953,0.0,-0.0855,0.0101,-0.0009,102.4737,False
1719594121.0416472,-1.7357,0.0,0.0227,-0.0,0.0,97.5987,False,-2.9944,0.0,0.1047,-0.0077,0.001,102.4269,False
1719594121.071856,-1.7363,0.0,-0.0718,0.0084,-0.0025,97.505,False,-2.9944,0.0,-0.0256,-0.0077,0.0009,102.1456,False
1719594121.1020498,-1.7363,0.0,0.0523,-0.0079,0.0007,97.5519,False,-2.9946,0.0,-0.0298,0.0003,-0.001,102.3331,False
1719594121.1315477,-1.7364,0.0,-0.0095,-0.0048,0.0007,97.4581,False,-2.9961,0.0,-0.1508,0.0078,-0.0014,102.2394,False
1719594121.1620972,-1.736,0.0,0.1168,-0.0036,0.0007,97.5519,False,-2.9981,0.0,-0.0606,-0.0009,0.0004,102.1925,False
1719594121.1914835,-1.7359,0.0,0.0038,0.0018,-0.0004,97.505,False,-2.9998,0.0,-0.0836,0.0019,0.0001,102.2394,False
1719594121.2215924,-1.7361,0.0,-0.1549,-0.0,0.0,97.6456,False,-2.9998,0.0,0.0739,0.0,0.0,102.3331,False
1719594121.2521682,-1.7356,0.0,-0.0074,-0.0176,0.0018,97.5987,False,-2.9995,0.0,0.0397,-0.0111,0.0013,102.3331,False
1719594121.2815692,-1.7357,0.0,-0.0253,-0.0085,0.0011,97.5987,False,-2.9989,0.0,0.0357,0.011,-0.0033,102.3331,False
1719594121.3114197,-1.7359,0.0,-0.0175,0.0079,-0.0037,97.5519,False,-2.9989,0.0,0.0244,0.003,-0.0008,102.3331,False
1719594121.3413851,-1.7359,0.0,-0.0424,-0.0066,0.0008,97.505,False,-2.9982,0.0,0.0641,0.002,-0.0,102.4269,False
1719594121.3711207,-1.7361,0.0,-0.1268,0.0035,-0.001,97.5519,False,-2.9962,0.0,0.0405,0.0028,-0.0008,102.2862,False
1719594121.4007342,-1.735,0.0,0.0836,-0.0049,0.0004,97.5987,False,-2.9933,0.0,0.1203,-0.0,0.0,102.3331,False
1719594121.4316206,-1.7347,0.0,0.0161,0.0127,-0.0024,97.5519,False,-2.9907,0.0,0.0572,0.0027,0.0004,102.2394,False
1719594121.4608262,-1.7347,0.0,0.0131,0.0068,-0.0014,97.4581,False,-2.9882,0.0,0.0207,-0.0,0.0,102.4737,False
1719594121.4912188,-1.7345,0.0,0.0696,0.0049,-0.0007,97.505,False,-2.989,0.0,-0.0327,-0.0029,-0.0003,102.1925,False
1719594121.5216565,-1.7348,0.0,-0.0131,-0.0116,0.001,97.4581,False,-2.9896,0.0,-0.0371,-0.0007,-0.0011,102.4269,False
1719594121.5511084,-1.7342,0.0,0.1052,-0.0039,-0.0006,97.4581,False,-2.9892,0.0,0.1402,0.0057,0.0001,102.38,False
1719594121.581154,-1.7346,0.0,-0.0522,0.001,-0.0004,97.505,False,-2.9895,0.0,-0.0357,-0.0107,-0.0002,102.3331,False
1719594121.6114347,-1.7349,0.0,-0.1187,0.003,-0.0005,97.4581,False,-2.9899,0.0,-0.0296,-0.0022,0.0005,102.2862,False
1719594121.6409667,-1.7349,0.0,-0.0623,-0.003,0.0003,97.4581,False,-2.9909,0.0,-0.0,-0.0019,0.0007,102.4737,False
1719594121.6709702,-1.7349,0.0,-0.0653,-0.0011,-0.0,97.505,False,-2.9921,0.0,-0.0341,-0.0026,-0.0001,102.2394,False
1719594121.7015002,-1.7345,0.0,0.1,0.0049,-0.0009,97.5519,False,-2.9929,0.0,-0.107,-0.0025,0.0005,102.1925,False
1719594121.7309103,-1.7346,0.0,0.0835,-0.003,0.0002,97.4112,False,-2.9926,0.0,-0.0926,0.0124,-0.0036,102.2394,False
1719594121.7617135,-1.7344,0.0,0.141,0.0029,-0.0006,97.4112,False,-2.9924,0.0,-0.0016,0.0024,-0.0008,102.4737,False
1719594121.791033,-1.7349,0.0,-0.044,-0.0059,0.0006,97.505,False,-2.9918,0.0,0.1012,-0.0024,0.0005,102.38,False
1719594121.8210418,-1.7347,0.0,-0.0034,-0.0049,0.0006,97.505,False,-2.9921,0.0,0.0279,-0.005,0.0003,102.38,False
1719594121.8506377,-1.7346,0.0,0.0396,0.0019,-0.0003,97.4112,False,-2.9924,0.0,-0.0556,-0.005,0.0005,102.4269,False
1719594121.8807397,-1.7351,0.0,-0.0985,-0.0011,-0.0004,97.3175,False,-2.9925,0.0,-0.0611,0.005,-0.0006,102.38,False
1719594121.9106305,-1.7346,0.0,0.0483,0.0078,-0.0004,97.4581,False,-2.9919,0.0,0.0659,0.0002,0.0003,102.38,False
1719594121.940767,-1.7348,0.0,-0.0154,0.003,-0.0004,97.5987,False,-2.9923,0.0,-0.071,0.0101,-0.0015,102.2862,False
1719594121.970277,-1.7349,0.0,-0.012,0.0038,-0.0016,97.3644,False,-2.9921,0.0,-0.0276,0.0026,-0.0001,102.2862,False
1719594121.9998431,-1.7348,0.0,0.0142,0.0068,-0.0014,97.3175,False,-2.9927,0.0,-0.0959,0.0025,-0.0007,102.2862,False
1719594122.0299468,-1.7346,0.0,0.0617,0.0049,-0.0008,97.4581,False,-2.9923,0.0,-0.0588,0.0027,0.0003,102.1925,False
1719594122.060373,-1.7346,0.0,0.0584,-0.0059,0.0004,97.2706,False,-2.9919,0.0,0.0479,0.0077,-0.0006,102.38,False
1719594122.0903268,-1.7351,0.0,-0.0611,-0.0049,0.0007,97.4112,False,-2.9913,0.0,0.0949,-0.005,0.0003,102.1925,False
1719594122.1198075,-1.7347,0.0,0.0524,0.004,0.0001,97.4112,False,-2.9914,0.0,0.0711,0.0097,-0.0028,102.2862,False
1719594122.1503942,-1.735,0.0,-0.0468,0.003,-0.0004,97.4581,False,-2.9914,0.0,-0.0118,0.005,-0.0007,102.3331,False
1719594122.1802516,-1.7346,0.0,0.0345,-0.003,0.0002,97.505,False,-2.9909,0.0,0.1135,0.0128,-0.0019,102.3331,False
1719594122.2099047,-1.735,0.0,-0.0324,-0.003,0.0002,97.4581,False,-2.991,0.0,0.0417,-0.0054,-0.0007,102.38,False
1719594122.2395658,-1.7346,0.0,0.0623,0.0059,-0.0006,97.3644,False,-2.9912,0.0,-0.0009,-0.0074,0.0007,102.1456,False
1719594122.270174,-1.7348,0.0,0.0173,-0.0011,-0.0003,97.4112,False,-2.9917,0.0,0.0192,-0.005,0.0006,102.2394,False
1719594122.300426,-1.7347,0.0,0.0003,0.0146,-0.0023,97.4112,False,-2.9916,0.0,0.0168,-0.005,0.0004,102.4269,False
1719594122.3295262,-1.7346,0.0,0.0886,-0.0,0.0,97.3644,False,-2.9914,0.0,0.1065,0.0043,-0.0028,102.2862,False
1719594122.3601263,-1.7356,0.0,-0.1594,-0.0049,0.0004,97.3175,False,-2.9931,0.0,-0.1181,0.0025,-0.0002,104.6888,False
1719594122.3896155,-1.7433,0.0,-0.4399,-0.0011,0.0005,103.56,False,-2.9908,-6.2832,0.2683,0.0023,-0.0004,105.2262,True
1719594122.4193473,-1.8571,0.0,-6.9331,0.0094,-0.0489,109.15,False,-3.0554,-6.2832,-4.4162,0.0195,-0.006,105.0112,True
1719594122.450605,-2.1879,-6.2832,-12.8291,0.0225,-0.1865,120.7562,True,-3.194,-6.2832,-6.9367,-0.0096,0.0329,104.7962,True
1719594122.4804747,-2.5785,-6.2832,-16.0575,0.1368,-0.9427,124.4538,True,-3.3983,-6.2832,-9.6388,-0.0165,0.0908,104.3662,True
1719594122.5109317,-3.0984,-6.2832,-19.1346,0.0343,-0.5094,125.9485,True,-3.6676,-6.2832,-12.2403,-0.0261,0.199,103.13,True
1719594122.5400088,-3.6979,-6.2832,-22.4415,0.0125,-0.1226,124.7684,True,-3.9783,-6.2832,-14.6098,-0.0072,0.0863,102.3331,True
1719594122.5697443,-4.3923,-6.2832,-25.7144,0.0268,-0.5969,123.1163,True,-4.3491,-6.2832,-16.8442,-0.0246,0.2653,102.4737,False
1719594122.6011457,-5.1153,-6.2832,-21.7515,-0.0443,1.2181,120.3628,True,-4.8016,-6.2832,-18.8813,-0.0111,0.2378,102.4269,False
1719594122.631084,-5.7269,-6.2832,-17.7303,-0.1151,2.2067,118.7107,True,-5.2917,-6.2832,-18.4736,-0.1479,2.0321,102.2862,False
1719594122.6756957,-6.422,-6.2832,-11.6785,-0.0814,1.0892,118.4747,True,-5.8859,-6.2832,-11.1769,-0.2307,2.3091,102.4269,False
1719594122.7057083,-6.7508,-6.2832,-8.6157,-0.1152,1.1441,119.4188,True,-6.131,-6.2832,-7.215,-0.2119,1.321,102.4737,False
1719594122.735871,-6.9639,-6.2832,-5.081,-0.1121,0.7985,120.4415,True,-6.2332,-6.2832,-2.7497,-0.2065,0.5732,102.5675,False
1719594122.7658565,-7.0739,-6.2832,-2.0211,-0.077,0.2161,121.1495,True,-6.2153,-6.2832,1.04,-0.1622,0.0893,102.4737,False
1719594122.7963676,-7.0721,-6.2832,1.9665,-0.1637,0.1553,117.8416,True,-6.2169,-6.2832,0.0654,-0.2035,0.1837,102.4269,False
1719594122.8263414,-6.9791,-6.2832,5.0529,-0.1023,-0.023,111.0288,True,-6.225,-6.2832,-0.565,-0.0889,0.0494,102.4269,False
1719594122.8558927,-6.778,-6.2832,8.6487,-0.0284,-0.0661,105.0112,True,-6.2319,-6.2832,-0.7165,-0.0927,0.0726,102.5206,False
1719594122.8864658,-6.4818,-6.2832,9.4276,0.0177,0.1172,99.1925,True,-6.2349,-6.2832,0.5729,-0.1184,0.1125,102.4269,False
1719594122.9147048,-6.2465,0.0,5.688,-0.1146,0.007,94.9984,False,-6.2399,0.0,-0.3115,-0.3591,2.0181,102.4269,False
1719594122.9446216,-5.9691,0.0,11.846,-0.0125,-0.089,94.7476,False,-5.7828,0.0,20.4278,-0.0372,-0.5372,102.4269,False
1719594122.9746144,-5.5846,0.0,14.2455,-0.0153,-0.1611,94.7058,False,-5.1951,0.0,17.4179,-0.0035,-0.0501,102.4269,False
1719594123.0045092,-5.0499,0.0,19.5825,-0.0129,-0.178,94.7476,False,-4.7503,0.0,13.7682,0.0173,0.1665,102.2394,False
1719594123.0347803,-4.3763,0.0,23.7863,-0.0,-0.0,94.7058,False,-4.3634,0.0,12.3513,-0.002,-0.0039,102.3331,False
1719594123.0659573,-3.6119,0.0,25.4949,-0.0139,-0.2696,94.8312,False,-4.0038,0.0,11.2935,0.0133,0.1184,102.2862,False
1719594123.095525,-2.8693,0.0,23.9612,0.0076,0.0664,94.7894,False,-3.6804,0.0,10.2289,0.0092,0.0786,102.4737,False
1719594123.125266,-2.2013,0.0,20.7955,0.0172,0.3341,94.7476,False,-3.4192,0.0,7.9241,0.0087,0.0021,102.1925,False
1719594123.1550627,-1.6459,0.0,17.3061,0.0221,0.3497,94.7894,False,-3.2568,0.0,3.6961,0.0181,0.0259,102.1925,False
1719594123.1851332,-1.1961,0.0,13.9228,0.0121,0.1367,94.873,False,-3.1847,0.0,1.8884,0.0112,-0.0021,102.3331,False
1719594123.216212,-0.8308,0.0,10.4569,0.017,0.2262,94.9148,False,-3.1253,0.0,1.9644,-0.0106,-0.0069,102.5206,False
1719594123.2455802,-0.6257,0.0,4.6189,0.0088,0.0358,94.873,False,-3.067,0.0,2.4965,-0.0044,-0.0028,102.2862,False
1719594123.2757332,-0.5642,0.0,0.1101,0.0129,-0.0022,94.873,False,-3.0665,0.0,-0.1152,0.0174,-0.0019,102.3331,False
1719594123.3053293,-0.5671,0.0,0.1637,-0.0008,-0.0004,95.1237,False,-3.0676,0.0,-0.0832,-0.0086,0.0008,102.2862,False
1719594123.3353128,-0.5684,0.0,-0.0024,0.0056,0.0,94.9148,False,-3.0666,0.0,0.0551,-0.0087,0.0011,102.38,False
1719594123.3654926,-0.5723,0.0,-0.523,-0.0047,0.0007,94.9984,False,-3.0674,0.0,0.0097,-0.0043,0.0004,104.635,False
1719594123.3959782,-0.6995,0.0,-7.7969,0.0521,-0.1357,94.9148,False,-3.0659,-6.2832,0.0511,-0.0002,0.0005,106.2475,True
1719594123.4264412,-1.0284,0.0,-13.1933,0.0173,-0.1406,95.1237,False,-3.1338,-6.2832,-4.6739,0.0316,0.0005,106.9463,True
1719594123.455999,-1.5017,0.0,-17.2875,0.0086,-0.1355,94.9566,False,-3.2743,-6.2832,-7.1077,0.003,-0.0071,107.0537,True
1719594123.4854703,-2.0581,0.0,-19.3179,0.0078,-0.2059,101.1144,False,-3.4861,-6.2832,-10.2677,0.0045,-0.016,106.8925,True
1719594123.5156128,-2.841,0.0,-28.6356,0.0188,-0.3815,101.8175,False,-3.7676,-6.2832,-11.9973,-0.0186,0.1308,105.2262,True
1719594123.5459325,-3.5858,0.0,-22.8498,-0.0096,0.2124,103.99,False,-4.1146,-6.2832,-14.2656,-0.0065,0.2027,104.7425,True
1719594123.5759606,-4.2872,0.0,-23.9232,0.0037,-0.0624,105.4412,False,-4.5098,-6.2832,-16.6931,-0.0247,0.2933,103.9362,True
1719594123.6057057,-4.9778,-6.2832,-21.045,-0.0034,0.1013,104.7962,True,-4.9672,-6.2832,-19.0502,-0.0351,0.4336,102.6144,True
1719594123.6358654,-5.5673,-6.2832,-16.9858,-0.0098,0.2396,104.0975,True,-5.4335,-6.2832,-16.4805,-0.1717,2.6216,102.4269,False
1719594123.666232,-6.069,-6.2832,-13.8846,0.0041,-0.0249,103.3988,True,-5.809,-6.2832,-12.1765,-0.2182,2.2518,102.4269,False
1719594123.6952052,-6.4623,0.0,-11.0719,0.1705,-0.2341,102.9894,False,-6.031,0.0,-8.2359,-0.7012,12.6992,102.4269,False
1719594123.7253723,-6.9213,0.0,-17.8348,0.0069,-0.0998,102.8019,False,-5.2142,0.0,44.4436,-0.0691,-2.9268,102.3331,False
1719594123.7552612,-7.3341,0.0,-9.7095,-0.0408,0.3581,102.4737,False,-3.6114,0.0,55.7898,-0.0174,-0.8541,102.3331,False
1719594123.785652,-7.3579,0.0,4.8214,-0.0029,-0.0039,102.755,False,-1.961,0.0,50.8477,0.0383,2.1008,102.4269,False
1719594123.8159924,-7.1002,0.0,11.7193,-0.0119,-0.0934,105.3337,False,-0.6643,0.0,37.8718,0.1083,3.944,104.5812,False
1719594123.8632493,-6.8471,-6.2832,2.2471,0.0125,0.0058,108.9888,True,0.583,-6.2832,17.368,0.0725,1.1441,102.8487,True
1719594123.8930514,-6.6841,-6.2832,8.3198,-0.0191,-0.0627,111.4108,True,1.174,-6.2832,17.9509,0.1274,2.4714,102.7081,False
1719594123.925233,-6.4471,-6.2832,7.6002,0.0808,0.5596,117.5233,True,1.685,-6.2832,15.1331,0.043,0.6296,102.6612,False
1719594123.9560444,-6.2935,-6.2832,3.2248,0.0774,0.3245,123.195,True,2.0668,-6.2832,8.1484,0.2137,2.3503,106.355,False
1719594123.9858003,-6.2455,-6.2832,-0.3355,0.1233,0.158,126.9712,True,2.3576,-6.2832,7.7594,0.0313,0.1859,102.2862,True
1719594124.0181417,-6.2653,-6.2832,-0.1791,-0.1219,0.1323,125.0044,True,2.5589,-6.2832,3.064,0.1416,0.8372,102.4737,False
1719594124.0621562,-6.2662,-6.2832,0.2333,-0.0146,0.003,124.6111,True,2.6404,-6.2832,-1.6226,0.0409,0.03,102.5206,False
1719594124.0928273,-6.2652,-6.2832,0.2277,-0.0207,0.0061,119.4974,True,2.561,-6.2832,-5.3145,0.0255,0.0009,102.3331,False
1719594124.1227798,-6.2623,-6.2832,0.1712,-0.0147,0.0007,111.4108,True,2.4083,-6.2832,-8.0325,0.0132,-0.0385,102.3331,False
1719594124.1539888,-6.2599,-6.2832,0.2049,-0.0247,0.0048,107.6988,True,2.1673,-6.2832,-11.1962,0.014,-0.0416,102.38,False
1719594124.1846316,-6.2599,-6.2832,0.2088,-0.0222,0.002,104.2588,True,1.8346,-6.2832,-13.9399,0.0063,-0.045,102.4269,False
1719594124.2152143,-6.2598,-6.2832,0.4067,-0.0624,0.0175,101.1144,True,1.4107,-6.2832,-17.2313,-0.01,0.0555,102.38,False
1719594124.2436702,-6.2588,0.0,0.1701,-0.2272,0.6755,97.7394,False,0.9367,0.0,-19.8339,-0.1721,3.8823,102.38,False
1719594124.2730222,-5.9271,0.0,17.5231,-0.0365,-0.3636,95.3745,False,0.5703,0.0,-7.3443,-0.0523,0.3306,102.4269,False
1719594124.3032029,-5.2846,0.0,22.494,0.0036,0.0464,94.664,False,0.4942,0.0,-0.3956,-0.0224,0.0011,102.38,False
1719594124.3326416,-4.6011,0.0,22.8636,-0.004,-0.0398,94.6222,False,0.4964,0.0,0.1207,0.005,0.0,102.1925,False
1719594124.362967,-3.9106,0.0,23.2245,-0.0164,-0.2507,94.664,False,0.5011,0.0,0.3714,-0.0,0.0,102.2862,False
1719594124.3926241,-3.2322,0.0,22.2176,0.0147,0.2886,94.664,False,0.5551,0.0,1.8474,0.0049,0.0013,102.38,False
1719594124.4226341,-2.5939,0.0,19.6227,0.0191,0.3498,94.664,False,0.5689,0.0,-0.338,-0.0045,0.0008,102.3331,False
1719594124.4534166,-2.1039,0.0,14.1695,0.0081,0.1296,94.5804,False,0.5709,0.0,-0.0277,0.0044,-0.0009,102.1925,False
1719594124.4833221,-1.7099,0.0,12.1179,0.0228,0.2697,94.7058,False,0.572,0.0,0.0371,-0.0002,-0.0013,102.5206,False
1719594124.512936,-1.421,0.0,9.2,0.0128,0.0639,94.7476,False,0.5726,0.0,0.0029,0.0001,0.0,102.38,False
1719594124.5428164,-1.1882,0.0,7.1316,0.0193,0.099,94.7058,False,0.573,0.0,0.06,-0.0089,0.0011,102.4737,False
1719594124.5724726,-1.0003,0.0,5.7721,0.0,0.0,94.8312,False,0.5735,0.0,0.0813,0.0042,-0.0007,102.2862,False
1719594124.6025195,-0.8333,0.0,5.2953,0.0222,0.0494,94.873,False,0.5951,0.0,2.4336,-0.0127,-0.0054,102.3331,False
1719594124.6318383,-0.7601,0.0,0.1808,0.0172,-0.0014,94.9148,False,0.621,0.0,-0.5349,-0.0131,0.003,102.8956,False
1719594124.662207,-0.7731,0.0,-0.6487,-0.0112,0.0023,94.9566,False,0.6213,0.0,0.0184,0.0,-0.0,104.9575,False
1719594124.6933854,-0.8693,0.0,-4.6783,-0.0075,0.0082,94.9566,False,0.6196,-6.2832,-0.0552,-0.0084,-0.0012,105.7637,True
1719594124.7229726,-0.9849,0.0,-3.5568,0.0035,-0.0017,94.9984,False,0.548,-6.2832,-4.4166,0.0107,-0.0112,106.355,True
1719594124.753333,-1.1334,0.0,-5.9553,0.0168,-0.0456,95.1237,False,0.3985,-6.2832,-7.201,-0.0183,0.0558,107.0537,True
1719594124.783785,-1.3543,0.0,-7.6609,0.017,-0.0613,95.1237,False,0.1554,-6.2832,-10.4573,-0.0038,0.019,107.3225,True
1719594124.814005,-1.6058,0.0,-8.5086,0.0087,-0.038,95.1237,False,-0.1703,-6.2832,-13.7877,0.005,-0.0388,107.1612,True
1719594124.8431468,-1.8706,0.0,-8.9349,-0.0067,0.0279,95.8343,False,-0.5708,-6.2832,-16.7959,0.0087,-0.2156,106.785,True
1719594124.8732178,-2.2867,0.0,-18.4551,0.0323,-0.4924,99.4269,False,-1.052,-6.2832,-18.4948,-0.0152,0.2172,105.3337,True
1719594124.9027236,-2.7556,0.0,-10.9879,-0.0308,0.3682,107.1612,False,-1.5972,-6.2832,-22.2643,0.0014,0.0212,104.9037,True
1719594124.9341483,-3.0348,-6.2832,-9.7469,-0.0044,0.0632,116.0588,True,-2.2238,-6.2832,-24.9917,0.0085,0.039,104.7962,True
1719594124.9638262,-3.3921,-6.2832,-13.9505,0.0129,-0.1022,125.5552,True,-2.881,-6.2832,-26.2335,-0.0236,0.8354,103.5062,True
1719594124.9936948,-3.8373,-6.2832,-17.3697,0.018,-0.2567,128.6444,True,-3.583,-6.2832,-27.5778,-0.0509,1.3995,102.6612,True
1719594125.0237937,-4.3696,-6.2832,-20.0935,0.0227,-0.3274,128.9552,True,-4.3072,-6.2832,-26.2591,-0.1828,4.3468,102.3331,False
1719594125.053711,-4.995,-6.2832,-23.0519,0.0125,-0.1376,126.9712,True,-4.9429,-6.2832,-21.9139,-0.187,3.5283,102.4269,False
1719594125.0833008,-5.5721,-6.2832,-16.9143,-0.017,0.3023,124.0604,True,-5.4453,-6.2832,-17.1641,-0.1669,2.6042,102.6144,False
1719594125.1137774,-6.0418,-6.2832,-13.1953,-0.1141,1.6335,121.6216,True,-5.8329,-6.2832,-12.9918,-0.1633,1.8604,102.4269,False
1719594125.1423721,-6.3853,-6.2832,-9.4918,-0.1375,1.4572,117.1413,True,-6.099,-6.2832,-8.5827,-0.1631,1.3055,102.4269,False
1719594125.1741047,-6.6199,-6.2832,-5.6417,-0.1446,0.9615,108.5588,True,-6.2565,-6.2832,-4.2063,-0.1614,0.7056,102.5206,False
1719594125.2195942,-6.7248,-6.2832,0.3838,-0.1227,0.1205,99.7081,True,-6.2776,-6.2832,1.5167,-0.1719,0.2505,102.4269,False
1719594125.2478106,-6.6561,0.0,3.6912,-0.1153,-0.0082,95.7507,False,-6.2587,0.0,-0.0523,-0.2005,0.6746,102.2862,False
1719594125.278157,-6.2611,0.0,17.0898,-0.0448,-0.5433,93.4937,False,-5.905,0.0,15.2416,-0.0235,-0.2999,102.5206,False
1719594125.3081534,-5.6502,0.0,21.5568,-0.012,-0.238,92.6995,False,-5.5054,0.0,11.7899,0.0144,0.0944,102.4269,False
1719594125.3378348,-4.9769,0.0,22.5167,0.0049,0.0932,92.7831,False,-5.2206,0.0,8.0544,0.0181,0.1151,102.4269,False
1719594125.3681278,-4.3238,0.0,21.0013,0.0021,0.1005,92.9085,False,-5.0269,0.0,5.5475,0.0122,0.0063,102.2394,False
1719594125.3977044,-3.7206,0.0,20.3299,0.0049,-0.0808,92.6577,False,-4.8529,0.0,6.2085,0.0049,0.0244,102.4737,False
1719594125.4278004,-3.0916,0.0,21.422,0.0048,0.0906,92.6577,False,-4.6582,0.0,6.371,-0.0266,-0.0577,102.38,False
1719594125.457613,-2.4565,0.0,20.2915,-0.0041,-0.1091,92.8249,False,-4.4282,0.0,8.3597,-0.0114,-0.0556,102.4737,False
1719594125.487983,-1.8967,0.0,17.7863,0.0091,0.1534,92.9085,False,-4.1561,0.0,9.62,0.0,0.0513,102.2394,False
1719594125.5181715,-1.4239,0.0,14.6769,0.0069,0.1083,92.9921,False,-3.9174,0.0,6.8371,0.0195,0.0861,102.3331,False
1719594125.547242,-1.0308,0.0,12.2506,0.0147,0.1314,93.0339,False,-3.7794,0.0,3.4539,0.0068,0.0086,102.3331,False
1719594125.5768538,-0.7135,0.0,9.5702,0.0039,0.0341,92.9921,False,-3.7113,0.0,1.1209,0.0043,0.0037,102.2862,False
1719594125.607667,-0.4813,0.0,6.0646,0.0288,0.0436,93.0757,False,-3.7121,0.0,-0.2157,-0.0044,-0.001,102.4269,False
1719594125.6372662,-0.3844,0.0,0.9906,0.0072,0.0044,93.1593,False,-3.7095,0.0,0.0892,-0.0005,0.0015,102.1925,False
1719594125.6677082,-0.3943,0.0,-0.2133,0.0,-0.0,93.2011,False,-3.711,0.0,0.1371,-0.0045,0.0007,102.38,False
1719594125.6976132,-0.394,0.0,-0.031,-0.0159,-0.0022,93.1175,False,-3.7123,0.0,0.1293,0.0,0.0,102.7081,False
1719594125.727836,-0.4153,0.0,-2.0583,0.0133,-0.0083,93.2011,False,-3.7142,0.0,0.0944,-0.0087,-0.0018,104.4737,False
1719594125.7584786,-0.6172,0.0,-9.232,0.0195,-0.1019,93.2847,False,-3.7126,-6.2832,0.1183,0.0041,-0.0026,105.9788,True
1719594125.787936,-0.977,0.0,-13.6506,0.0098,-0.0851,93.1593,False,-3.7789,-6.2832,-3.7017,-0.0145,0.0175,106.5163,True
1719594125.8184185,-1.4646,0.0,-17.7549,0.0153,-0.1047,93.3683,False,-3.933,-6.2832,-7.157,-0.0151,0.0639,106.8925,True
1719594125.84814,-2.0806,0.0,-25.1331,0.0375,-0.7749,94.3296,False,-4.1638,-6.2832,-10.094,-0.0111,0.0699,105.7637,True
1719594125.8781848,-2.9141,0.0,-24.6412,-0.0146,0.2515,100.13,False,-4.46,-6.2832,-12.7922,-0.0148,0.1177,105.1725,True
1719594125.907406,-3.5633,0.0,-22.1094,-0.0047,0.086,101.0675,False,-4.8005,-6.2832,-15.2106,0.0051,-0.0374,104.4737,True
1719594125.9379387,-4.2834,0.0,-24.2825,0.0056,-0.062,101.0206,False,-5.2142,-6.2832,-17.1858,-0.0267,0.3052,103.1837,True
1719594125.9677553,-4.962,0.0,-20.9153,0.0036,0.0157,100.5519,False,-5.619,-6.2832,-14.7293,-0.1367,1.659,102.7081,True
1719594125.9963896,-5.5739,0.0,-21.0731,0.0104,-0.155,100.3175,False,-5.9217,0.0,-10.4527,-0.634,11.685,102.5206,False
1719594126.0269706,-6.2275,0.0,-21.3011,-0.0114,-0.112,99.8487,False,-5.2176,0.0,39.3256,-0.0682,-2.2295,102.5206,False
1719594126.0578682,-6.7308,0.0,-12.6498,-0.0272,0.3095,99.4737,False,-3.7319,0.0,51.1904,-0.0183,-1.2603,102.7081,False
1719594126.0874195,-6.8657,0.0,1.1641,-0.0025,0.0007,99.9894,False,-2.3521,0.0,41.5363,0.0245,0.8668,102.8487,False
1719594126.1170928,-6.8468,0.0,0.8863,0.0129,0.0016,100.3644,False,-1.3896,0.0,25.5258,0.0527,1.0989,102.9894,False
1719594126.1466985,-6.8466,0.0,-0.0278,0.0044,-0.0001,101.2081,False,-0.9065,-6.2832,11.5816,0.0532,0.5404,102.8956,True
1719594126.1770616,-6.8484,0.0,-0.2062,-0.0096,-0.0008,102.1925,False,-0.4998,0.0,11.7114,0.0954,1.1951,103.6675,False
1719594126.2085185,-6.8548,0.0,-0.1332,0.0022,-0.0019,103.2375,False,-0.3694,-6.2832,-1.2335,0.0045,-0.002,104.0437,True
1719594126.2373857,-6.9084,0.0,-4.4576,0.0128,-0.0128,103.7212,False,-0.3298,-6.2832,-0.9166,0.1073,0.1798,103.7212,True
1719594126.2680368,-7.1315,0.0,-8.5618,0.0184,-0.0916,104.205,False,-0.3832,-6.2832,-3.9591,0.0096,0.001,103.6675,True
1719594126.299173,-7.4355,-6.2832,-10.8219,0.0085,-0.0446,104.4737,True,-0.5307,-6.2832,-7.2574,-0.004,0.0127,103.6137,True
1719594126.328197,-7.6399,-6.2832,-4.711,-0.0378,0.2035,104.635,True,-0.7432,-6.2832,-9.8888,0.0076,-0.0377,103.6675,True
1719594126.3586333,-7.7598,-6.2832,-1.3527,-0.0684,0.2392,104.9037,True,-1.0346,-6.2832,-11.9408,-0.0226,0.1768,103.56,True
1719594126.4053822,-7.7383,-6.2832,4.1882,-0.0599,0.0387,105.3875,True,-1.6709,-6.2832,-17.254,-0.1093,1.3956,103.2912,True
1719594126.4479828,-7.4963,-6.2832,9.5074,0.0112,0.1641,106.4088,True,-2.4721,-6.2832,-23.7821,-0.0289,0.8845,103.3988,True
1719594126.478303,-7.2535,-6.2832,11.3192,0.0249,0.3063,107.3225,True,-3.0876,-6.2832,-25.3097,-0.0338,1.1288,103.4525,True
1719594126.5090747,-6.9543,-6.2832,13.8978,0.0257,0.4464,108.29,True,-3.7224,-6.2832,-26.4334,-0.0976,2.1869,103.0362,True
1719594126.5384514,-6.6645,-6.2832,10.6889,0.1875,1.5228,109.9563,True,-4.3658,-6.2832,-26.2022,-0.1922,3.6224,102.7081,True
1719594126.56931,-6.4763,-6.2832,5.8368,0.2222,1.3247,112.5569,True,-4.9516,-6.2832,-20.4676,-0.2908,4.9938,102.4269,False
1719594126.5996268,-6.3373,-6.2832,6.6757,0.0079,0.0098,99.1925,True,-5.5134,-6.2832,-17.676,-0.2387,4.7487,102.38,False
1719594126.6283505,-6.2501,0.0,0.7461,-0.0387,0.0067,138.0714,False,-5.9783,0.0,-15.0436,-0.3378,6.7797,102.38,False
1719594126.6593053,-5.9655,-6.2832,16.6872,-0.0655,-0.7389,104.0975,True,-5.8357,-6.2832,13.3275,-0.0376,-0.2665,102.38,False
1719594126.6890504,-5.7324,-6.2832,5.354,0.0647,0.4744,103.775,True,-5.7124,-6.2832,2.1869,0.079,0.2657,102.4737,False
1719594126.7176213,-5.5799,0.0,2.4932,-0.149,0.1345,104.2588,False,-5.6675,0.0,-0.4193,-0.1657,0.6181,102.38,False
1719594126.7490005,-5.4524,-6.2832,5.5757,-0.0136,-0.0179,99.8487,True,-5.5173,-6.2832,6.3291,-0.0073,-0.025,102.4737,False
1719594126.7770507,-5.3801,0.0,0.1621,-0.1194,0.2253,97.9737,False,-5.435,0.0,0.8346,-0.0304,0.0177,102.4269,False
1719594126.8072312,-5.1637,0.0,12.3308,-0.0256,-0.2676,95.1237,False,-5.4283,0.0,0.7656,-0.0064,0.0002,102.38,False
1719594126.8366368,-4.5766,0.0,23.0871,-0.0263,-0.4778,93.9534,False,-5.3342,0.0,3.6021,-0.0,-0.0048,102.4269,False
1719594126.8666437,-3.9049,0.0,20.5096,0.0089,0.2344,93.7862,False,-5.1834,0.0,5.5314,-0.0,0.0,102.4737,False
1719594126.8970733,-3.3235,0.0,18.8336,-0.0018,-0.007,93.4519,False,-4.998,0.0,6.1172,-0.0038,-0.0071,102.4269,False
1719594126.9269543,-2.7132,0.0,20.846,-0.0021,0.0347,93.0757,False,-4.7858,0.0,8.0317,-0.0,-0.0,102.3331,False
1719594126.9577832,-2.175,0.0,14.7669,0.044,0.4489,92.9085,False,-4.5549,0.0,7.0441,0.0133,0.0585,102.2862,False
1719594126.9874442,-1.8617,0.0,7.7568,0.0167,0.1037,92.7831,False,-4.4118,0.0,2.6407,0.0031,0.0034,102.2862,False
1719594127.0184543,-1.6982,0.0,3.9656,0.0039,0.0069,92.6577,False,-4.4109,0.0,-0.2137,-0.0,-0.0007,102.2862,False
1719594127.0476665,-1.6651,0.0,0.2537,0.0011,-0.0008,92.6995,False,-4.4103,0.0,-0.0362,-0.0084,-0.0017,102.38,False
1719594127.077185,-1.6647,0.0,-0.0543,0.0014,0.0012,92.6995,False,-4.41,0.0,0.0764,0.0,0.0,102.3331,False
1719594127.1072252,-1.6641,0.0,0.0469,0.0026,0.0007,92.7831,False,-4.4106,0.0,-0.0546,-0.003,-0.0042,102.2394,False
1719594127.1377444,-1.6617,0.0,0.1873,-0.0206,-0.0032,92.6995,False,-4.4102,0.0,-0.0549,-0.0084,-0.0022,102.1456,False
1719594127.1670127,-1.6602,0.0,-0.0315,0.0026,-0.0032,92.6995,False,-4.4106,0.0,-0.0944,0.0038,0.0014,102.2394,False
1719594127.1984994,-1.6604,0.0,-0.0106,0.0116,0.0001,92.7831,False,-4.4109,0.0,-0.09,-0.0041,-0.0011,102.4737,False
1719594127.2271059,-1.6575,0.0,0.247,0.0,0.0,92.7831,False,-4.4107,0.0,-0.0707,0.0083,0.001,102.3331,False
1719594127.256932,-1.6575,0.0,-0.0292,0.0044,-0.001,92.8249,False,-4.4087,0.0,0.1301,0.0002,-0.0008,102.3331,False
1719594127.2871058,-1.6578,0.0,0.0456,0.0044,-0.0002,92.7831,False,-4.4089,0.0,-0.034,-0.0091,0.0001,102.4269,False
1719594127.3170514,-1.6585,0.0,-0.0491,0.012,-0.0002,92.6995,False,-4.4085,0.0,0.0161,0.0046,-0.001,102.4737,False
1719594127.3474388,-1.6586,0.0,-0.028,-0.004,-0.0004,92.7831,False,-4.4089,0.0,0.0329,0.0041,0.0012,102.2862,False
1719594127.3777628,-1.6582,0.0,0.0249,0.0036,0.0009,92.9085,False,-4.4101,0.0,0.015,0.0045,-0.0001,102.3331,False
1719594127.4067338,-1.6587,0.0,-0.0311,0.0,-0.0,92.8249,False,-4.4111,0.0,-0.0157,-0.0054,0.0006,102.1925,False
1719594127.4379585,-1.6584,0.0,0.0495,-0.0009,0.0008,92.8249,False,-4.4109,0.0,0.0899,-0.0004,0.0006,102.4269,False
1719594127.4670992,-1.658,0.0,0.0546,0.0008,-0.0017,92.7831,False,-4.4115,0.0,-0.1838,-0.0005,0.0006,102.4269,False
1719594127.497756,-1.6583,0.0,0.0123,0.0142,-0.0032,92.8249,False,-4.4108,0.0,0.0379,-0.0037,-0.0018,102.38,False
1719594127.527304,-1.6585,0.0,-0.0596,-0.0049,0.0009,92.7831,False,-4.4109,0.0,0.0511,-0.0008,0.0008,102.38,False
1719594127.5572786,-1.6581,0.0,0.0729,0.0004,-0.0005,92.7413,False,-4.4111,0.0,-0.0594,-0.0046,-0.0002,102.1925,False
1719594127.5871236,-1.6584,0.0,0.0222,0.008,0.0002,92.8249,False,-4.4107,0.0,-0.0631,-0.0,-0.0008,102.3331,False
1719594127.6167731,-1.6587,0.0,-0.0444,0.0035,-0.0001,92.8667,False,-4.4106,0.0,-0.1172,-0.0083,-0.0018,102.5675,False
1719594127.6468341,-1.6587,0.0,0.0664,-0.0005,0.0005,92.8667,False,-4.4101,0.0,0.0033,0.0042,0.0007,102.38,False
1719594127.6772506,-1.659,0.0,-0.0135,-0.0035,-0.0013,92.7831,False,-4.4103,0.0,-0.0696,-0.0042,-0.0007,102.38,False
1719594127.7066884,-1.6587,0.0,0.055,-0.0089,-0.0003,92.7413,False,-4.4099,0.0,0.0639,0.009,-0.0007,102.3331,False
1719594127.7368433,-1.6591,0.0,-0.091,-0.0029,-0.0023,92.9085,False,-4.4099,0.0,0.0452,0.0045,-0.0001,102.2394,False
1719594127.7660766,-1.6585,0.0,0.1062,0.0009,-0.0013,92.7831,False,-4.4104,0.0,0.0887,-0.0042,-0.0007,102.3331,False
1719594127.7970867,-1.6591,0.0,-0.0464,-0.0074,-0.0017,92.8249,False,-4.4105,0.0,-0.0044,-0.0083,-0.0017,102.1925,False
1719594127.8267581,-1.6589,0.0,-0.0486,-0.0084,-0.0002,92.8667,False,-4.4105,0.0,0.0357,-0.0049,0.0005,102.3331,False
1719594127.8568046,-1.6588,0.0,0.0019,-0.0079,-0.0008,92.8249,False,-4.4104,0.0,0.0429,-0.0035,-0.0028,102.3331,False
1719594127.887379,-1.6587,0.0,0.0019,-0.0124,-0.0007,92.8249,False,-4.4104,0.0,0.104,0.0035,0.0015,102.2394,False
1719594127.9170315,-1.6587,0.0,0.0201,-0.004,-0.0005,92.8667,False,-4.4105,0.0,0.0483,0.0045,0.0,102.2862,False
1719594127.9470885,-1.6588,0.0,0.0081,-0.0005,0.0004,92.6995,False,-4.4106,0.0,-0.0255,0.0091,-0.0005,102.3331,False
1719594127.9769707,-1.6586,0.0,-0.0053,-0.0049,0.0001,92.8249,False,-4.4109,0.0,-0.0858,-0.0004,0.0004,102.1925,False
1719594128.0068638,-1.6587,0.0,-0.0544,-0.0005,0.0002,92.7413,False,-4.41,0.0,0.0519,-0.0045,0.0007,102.4269,False
1719594128.0365965,-1.6583,0.0,0.05,-0.0,-0.0,92.8667,False,-4.4097,0.0,0.014,0.0003,0.0012,102.2862,False
1719594128.0661356,-1.6585,0.0,-0.0139,-0.0089,0.0004,92.8667,False,-4.4103,0.0,-0.0653,-0.0042,-0.0006,102.3331,False
1719594128.096493,-1.6585,0.0,0.0485,-0.0005,0.0004,92.8249,False,-4.4103,0.0,-0.0098,-0.0038,-0.0014,102.2394,False
1719594128.1265666,-1.6586,0.0,-0.0551,0.0,-0.0,92.8249,False,-4.4106,0.0,-0.0159,-0.0087,-0.0007,102.2862,False
1719594128.1570156,-1.6587,0.0,0.0039,0.0054,-0.0024,92.7413,False,-4.4107,0.0,0.028,0.0095,-0.0009,102.3331,False
1719594128.1864154,-1.6583,0.0,0.1114,-0.0031,-0.0019,92.8249,False,-4.4107,0.0,0.0108,-0.0008,0.0008,102.2394,False
1719594128.2157388,-1.6589,0.0,-0.0534,-0.0089,0.0004,92.8249,False,-4.4112,0.0,-0.0731,-0.0096,-0.0003,102.3331,False
1719594128.246732,-1.6586,0.0,-0.0287,0.004,0.0002,92.7831,False,-4.4109,0.0,0.0049,-0.0083,-0.0014,102.4269,False
1719594128.2754776,-1.6588,0.0,-0.0132,0.004,0.0001,92.7413,False,-4.4107,0.0,-0.0054,-0.0042,-0.0007,102.1456,False
1719594128.3057573,-1.6588,0.0,0.0069,-0.0,0.0,92.7413,False,-4.4108,0.0,0.0043,-0.0087,-0.0008,102.38,False
1719594128.3356566,-1.6587,0.0,0.0538,0.0035,0.0006,92.8667,False,-4.4105,0.0,0.0473,0.0045,-0.0,102.3331,False
1719594128.3664525,-1.6582,0.0,0.139,-0.008,0.0005,92.7831,False,-4.4109,0.0,-0.0741,0.0004,-0.0014,102.1456,False
1719594128.3970227,-1.659,0.0,-0.0654,0.0145,-0.0041,92.7413,False,-4.4105,0.0,-0.0164,0.0045,-0.0001,102.1925,False
1719594128.427385,-1.6586,0.0,0.0612,-0.0005,0.0007,92.7413,False,-4.4108,0.0,-0.0764,0.0049,-0.0008,102.3331,False
1719594128.457536,-1.6583,0.0,0.0266,0.0094,-0.0019,92.8249,False,-4.4108,0.0,-0.0136,-0.0038,-0.0016,102.4269,False
1719594128.4872756,-1.6586,0.0,-0.048,-0.0045,0.0002,92.9085,False,-4.4106,0.0,0.0338,0.0094,-0.001,102.38,False
1719594128.518248,-1.6588,0.0,-0.0459,-0.0084,-0.0002,92.7413,False,-4.4108,0.0,-0.0333,0.0049,-0.001,102.4269,False
1719594128.5480387,-1.6585,0.0,0.0016,0.0045,-0.0001,92.8667,False,-4.4107,0.0,0.0106,0.0045,-0.0001,102.4269,False
1719594128.5770674,-1.6584,0.0,0.0546,0.0,0.0,92.8249,False,-4.4109,0.0,-0.0131,0.0041,0.0003,102.4269,False
1719594128.60657,-1.6589,0.0,-0.0787,-0.0005,0.0002,92.7831,False,-4.4111,0.0,-0.1,-0.0004,0.0004,102.3331,False
1719594128.6219652,-1.6588,0.0,-0.039,-0.0134,0.0002,92.6995,False,-4.4105,0.0,0.0858,0.0014,-0.0025,102.2394,False
1719594128.6515305,-1.6584,0.0,0.0778,-0.0049,0.0006,92.7831,False,-4.4107,0.0,-0.0104,0.0045,-0.0001,102.2394,False
1719594128.681323,-1.6587,0.0,-0.0096,0.0045,-0.0003,92.7413,False,-4.4101,0.0,0.0734,-0.0003,0.0005,102.4269,False
1719594128.7121267,-1.6582,0.0,0.0373,-0.0013,0.0009,92.7831,False,-4.4102,0.0,0.0649,-0.0049,0.0,102.4269,False
1719594128.7427,-1.6586,0.0,0.022,-0.0045,0.0004,92.9085,False,-4.4105,0.0,-0.0158,0.0091,-0.0001,102.2394,False
1719594128.7722926,-1.6588,0.0,-0.0449,0.001,-0.0014,92.7413,False,-4.4107,0.0,-0.0423,-0.0,-0.0,102.3331,False
1719594128.802354,-1.6589,0.0,-0.0571,-0.0045,-0.0001,92.8667,False,-4.4105,0.0,0.0249,-0.0004,0.0005,102.3331,False
1719594128.8333046,-1.6586,0.0,0.014,0.0049,-0.0011,92.7413,False,-4.4109,0.0,-0.0846,0.0008,-0.0016,102.2394,False
1719594128.8627896,-1.6581,0.0,0.1526,-0.004,-0.0005,92.6577,False,-4.4105,0.0,0.0393,-0.0091,-0.0008,102.38,False
1719594128.8932345,-1.6585,0.0,0.0391,-0.012,-0.0022,92.7831,False,-4.4105,0.0,0.0193,-0.0007,-0.0009,102.4269,False
1719594128.923399,-1.6587,0.0,-0.0045,-0.0045,0.0002,92.7413,False,-4.4104,0.0,0.0724,-0.0,0.0,102.3331,False
1719594128.95285,-1.6584,0.0,0.0378,0.0071,-0.0005,92.8667,False,-4.4107,0.0,-0.048,0.0,-0.0,102.1925,False
1719594128.9825182,-1.658,0.0,0.1101,0.0012,-0.0029,92.7413,False,-4.4109,0.0,-0.104,-0.0037,-0.0016,102.2394,False
1719594129.0117729,-1.6584,0.0,0.0232,-0.0045,0.0002,92.7831,False,-4.4101,0.0,0.0647,0.0132,0.0002,102.5206,False
1719594129.0425465,-1.6585,0.0,-0.025,0.0,0.0,92.7831,False,-4.41,0.0,0.1067,0.0045,-0.0001,102.1456,False
1719594129.0717363,-1.6588,0.0,-0.0382,0.0045,-0.0002,92.8249,False,-4.4104,0.0,0.0539,0.0049,-0.0009,102.4269,False
1719594129.1022336,-1.6586,0.0,-0.0407,0.0049,-0.0011,92.6577,False,-4.4103,0.0,0.0339,0.0094,-0.0014,102.2862,False
1719594129.1333027,-1.6587,0.0,-0.0536,-0.004,-0.0014,92.7413,False,-4.4104,0.0,0.0453,-0.0042,-0.0009,102.1925,False
1719594129.1628673,-1.6588,0.0,-0.0453,0.0084,-0.0004,92.8249,False,-4.4105,0.0,0.007,0.0007,-0.0019,102.38,False
1719594129.1933424,-1.6586,0.0,-0.0155,-0.0009,0.0008,92.8249,False,-4.4106,0.0,-0.0003,-0.0045,0.001,102.1925,False
1719594129.224198,-1.6587,0.0,-0.0658,-0.008,-0.0009,92.6995,False,-4.4105,0.0,0.0573,-0.0049,0.0003,102.3331,False
1719594129.253199,-1.6585,0.0,-0.0127,-0.0085,-0.0005,92.8249,False,-4.4105,0.0,-0.0277,-0.0007,0.0005,102.4737,False
1719594129.283531,-1.6586,0.0,-0.0063,-0.0045,0.0,92.7413,False,-4.4105,0.0,0.0136,-0.0004,-0.0004,102.4737,False
1719594129.313801,-1.6586,0.0,-0.0111,-0.0009,0.0006,92.7831,False,-4.4105,0.0,-0.0091,-0.0007,0.0009,102.4269,False
1719594129.344073,-1.6587,0.0,-0.0449,0.0,0.0,92.7831,False,-4.4105,0.0,-0.0251,-0.0091,-0.0008,102.1925,False
1719594129.3738918,-1.6586,0.0,-0.0435,-0.0005,0.0006,92.7831,False,-4.4104,0.0,-0.027,0.0038,0.0012,102.3331,False
1719594129.4039567,-1.6586,0.0,-0.0107,0.0169,-0.0015,92.8249,False,-4.4104,0.0,0.0025,-0.0087,-0.0011,102.4269,False
1719594129.4342415,-1.6588,0.0,-0.0129,-0.0089,-0.0007,92.7831,False,-4.4108,0.0,-0.0817,0.0132,0.0001,102.38,False
1719594129.4645476,-1.6587,0.0,-0.0867,0.0035,0.0006,92.7831,False,-4.4108,0.0,-0.0908,0.0004,-0.0006,102.38,False
1719594129.494357,-1.6587,0.0,-0.0032,-0.008,-0.001,92.7413,False,-4.4103,0.0,-0.0026,-0.009,-0.0008,102.38,False
1719594129.5245621,-1.6587,0.0,-0.0252,-0.0,-0.0,92.7413,False,-4.4104,0.0,0.0632,-0.0004,0.0005,102.1925,False
1719594129.5541196,-1.6585,0.0,0.014,-0.0089,0.0002,92.7831,False,-4.41,0.0,0.1642,0.0006,-0.0019,102.4269,False
1719594129.5848033,-1.6584,0.0,0.0576,0.0009,-0.0019,92.8667,False,-4.4106,0.0,-0.0636,-0.0042,-0.001,102.38,False
1719594129.6162784,-1.6587,0.0,-0.075,0.0045,-0.0006,92.7831,False,-4.4106,0.0,-0.024,-0.0042,-0.0009,102.2862,False
1719594129.6445556,-1.6587,0.0,-0.0538,0.005,-0.0013,92.7413,False,-4.4104,0.0,0.0052,-0.0004,0.0005,102.2862,False
1719594129.674809,-1.6582,0.0,0.1204,-0.008,0.0001,92.8667,False,-4.4106,0.0,-0.0411,-0.0,0.0,102.2862,False
1719594129.705131,-1.6588,0.0,-0.0171,0.0099,-0.0031,92.8249,False,-4.4105,0.0,-0.0108,-0.008,-0.0023,102.2394,False
1719594129.7346437,-1.6585,0.0,-0.0088,0.004,0.0002,92.6995,False,-4.4106,0.0,-0.0937,-0.0007,0.0005,102.3331,False
1719594129.764484,-1.6585,0.0,0.0092,0.0035,0.0007,92.7413,False,-4.4104,0.0,-0.0131,-0.0049,0.0002,102.1925,False
1719594129.794883,-1.6586,0.0,-0.0358,-0.0045,0.0006,92.7413,False,-4.4105,0.0,-0.0604,-0.0087,-0.0014,102.38,False
1719594129.8249795,-1.6588,0.0,-0.028,-0.003,-0.0024,92.6995,False,-4.4103,0.0,0.0824,-0.0007,0.001,102.3331,False
1719594129.8553705,-1.6586,0.0,0.0226,0.0169,-0.0022,92.8249,False,-4.4112,0.0,-0.2462,0.0041,-0.0004,102.2862,False
1719594129.8847558,-1.6583,0.0,0.0992,-0.0089,0.0008,92.7413,False,-4.4099,0.0,0.1728,-0.0042,-0.0009,102.3331,False
1719594129.9147856,-1.6587,0.0,-0.0597,0.0089,-0.0013,92.7831,False,-4.4103,0.0,0.0403,-0.0035,-0.002,102.2394,False
1719594129.9438412,-1.6586,0.0,0.0031,-0.0049,0.0016,92.7413,False,-4.4104,0.0,0.0369,-0.0052,-0.0007,102.3331,False
1719594129.9740999,-1.6584,0.0,0.0781,-0.0049,-0.0008,92.7831,False,-4.4102,0.0,0.0691,-0.0048,0.0011,102.2862,False
1719594130.0049896,-1.6583,0.0,0.0852,-0.0036,-0.0014,92.6577,False,-4.4102,0.0,0.0765,0.0042,0.0005,102.2394,False
1719594130.0350199,-1.6586,0.0,-0.0161,0.0045,-0.0006,92.9085,False,-4.4102,0.0,0.0697,-0.0045,-0.0003,102.2394,False
1719594130.064973,-1.6584,0.0,0.0639,-0.0009,0.0014,92.6995,False,-4.4098,0.0,0.1316,-0.0039,-0.0013,102.2394,False
1719594130.094946,-1.6582,0.0,0.0887,-0.0004,0.0006,92.7831,False,-4.4103,0.0,0.0414,-0.0035,-0.0028,102.3331,False
1719594130.1248827,-1.6587,0.0,-0.0656,-0.004,-0.0003,92.6577,False,-4.4107,0.0,-0.0782,0.0125,0.0015,102.2862,False
1719594130.1548705,-1.6587,0.0,-0.002,-0.0129,0.0006,92.7413,False,-4.4103,0.0,0.0485,0.0045,0.0002,102.2862,False
1719594130.1850288,-1.6586,0.0,0.0031,-0.0075,-0.0018,92.6577,False,-4.4107,0.0,-0.0795,-0.0045,-0.0003,102.1456,False
1719594130.215309,-1.6587,0.0,-0.0627,-0.0005,0.0007,92.6577,False,-4.4106,0.0,-0.0851,0.0,0.0,102.4269,False
1719594130.2455652,-1.6585,0.0,0.0367,0.004,0.0002,92.6577,False,-4.4102,0.0,0.0666,-0.0052,0.0003,102.4737,False
1719594130.276298,-1.6585,0.0,0.0389,0.0,-0.0,92.7413,False,-4.4109,0.0,-0.0739,0.0041,0.0005,102.2394,False
1719594130.3060338,-1.6587,0.0,-0.0478,0.0129,-0.0005,92.6577,False,-4.4106,0.0,-0.0215,-0.0091,-0.0009,102.38,False
1719594130.335998,-1.6584,0.0,0.0708,0.0045,-0.0006,92.7413,False,-4.4105,0.0,-0.022,0.0004,-0.0006,102.2862,False
1719594130.3654313,-1.6585,0.0,-0.0036,0.0005,-0.0003,92.7413,False,-4.4105,0.0,0.0043,0.0045,-0.0002,102.2394,False
1719594130.3957987,-1.659,0.0,-0.0812,0.0134,-0.0025,92.6995,False,-4.4109,0.0,-0.1644,-0.0041,-0.0008,102.2862,False
1719594130.426323,-1.6589,0.0,-0.0548,0.0035,0.0007,92.7413,False,-4.4107,0.0,-0.0393,0.0095,-0.0011,102.2862,False
1719594130.45577,-1.6584,0.0,0.0187,0.0014,-0.0025,92.6577,False,-4.4103,0.0,0.0211,0.0003,-0.0008,102.1925,False
1719594130.485687,-1.6587,0.0,0.0014,0.004,0.0002,92.7413,False,-4.4101,0.0,0.1283,0.0129,0.0012,102.1456,False
1719594130.515321,-1.6584,0.0,0.0652,-0.012,-0.0011,92.7413,False,-4.4108,0.0,-0.0996,-0.0136,-0.0014,102.4269,False
1719594130.5455394,-1.6589,0.0,-0.1162,-0.001,-0.0007,92.7413,False,-4.4102,0.0,0.0849,0.0084,0.0016,102.3331,False
1719594130.576025,-1.6586,0.0,0.0252,-0.0085,-0.0001,92.6995,False,-4.4108,0.0,-0.0829,0.0038,0.0013,102.3331,False
1719594130.6057408,-1.6585,0.0,0.027,-0.0094,-0.0023,92.7413,False,-4.4103,0.0,-0.0042,-0.0045,-0.0002,102.5206,False
1719594130.6353884,-1.6589,0.0,-0.0608,0.005,-0.0014,92.7413,False,-4.41,0.0,0.1562,-0.0084,-0.0008,102.38,False
1719594130.6651525,-1.6581,0.0,0.139,-0.0009,0.0014,92.7413,False,-4.4099,0.0,0.1592,-0.009,-0.0005,102.4737,False
1719594130.695764,-1.6583,0.0,0.1016,0.0,0.0,92.7413,False,-4.4103,0.0,-0.0046,-0.0035,-0.0026,102.1456,False
1719594130.725005,-1.6586,0.0,0.0021,0.0075,0.001,92.7413,False,-4.4105,0.0,0.0111,-0.0053,-0.0031,102.2862,False
1719594130.756258,-1.6585,0.0,0.0502,-0.0005,0.0007,92.6995,False,-4.4103,0.0,0.0686,0.0087,-0.0004,102.38,False
1719594130.7858708,-1.6581,0.0,0.1084,0.0049,-0.0017,92.6577,False,-4.4102,0.0,0.0572,-0.0038,-0.0016,102.4269,False
1719594130.8168588,-1.6586,0.0,-0.0164,0.0045,-0.0006,92.7413,False,-4.4109,0.0,-0.1088,-0.0041,-0.0008,102.3331,False
1719594130.846857,-1.6591,0.0,-0.1218,-0.0084,0.0005,92.8249,False,-4.4105,0.0,0.0277,-0.0053,-0.0,102.1925,False
1719594130.875624,-1.6586,0.0,0.0216,0.0129,-0.002,92.7413,False,-4.4099,0.0,0.0657,-0.0048,-0.0005,102.2394,False
1719594130.9066272,-1.6588,0.0,-0.053,-0.0129,0.0005,92.8249,False,-4.4103,0.0,0.0651,-0.008,-0.0027,102.2394,False
1719594130.9368389,-1.6585,0.0,0.0677,0.0045,-0.0003,92.6995,False,-4.4106,0.0,-0.0891,0.0038,0.0009,102.3331,False
1719594130.9660125,-1.6585,0.0,0.0465,-0.0,0.0,92.6995,False,-4.4104,0.0,0.0312,0.0045,-0.0,102.3331,False
1719594130.9966924,-1.6583,0.0,0.0641,-0.0058,0.0012,92.8249,False,-4.4102,0.0,-0.0147,0.0084,0.0012,102.1925,False
1719594131.0264843,-1.6588,0.0,-0.0122,0.005,-0.0014,92.7413,False,-4.4104,0.0,-0.027,-0.0042,-0.0008,102.2862,False
1719594131.0564654,-1.6585,0.0,0.0275,-0.0049,0.0008,92.6577,False,-4.4105,0.0,-0.0413,-0.008,-0.0026,102.2862,False
1719594131.0868213,-1.6589,0.0,-0.0935,0.0084,-0.0002,92.6995,False,-4.4102,0.0,0.0453,-0.0084,-0.0017,102.2862,False
1719594131.1167343,-1.6588,0.0,-0.0538,0.0045,-0.0004,92.6995,False,-4.4104,0.0,0.0037,-0.0083,-0.0019,102.38,False
1719594131.1470208,-1.6585,0.0,0.0253,0.004,0.0003,92.9085,False,-4.4105,0.0,-0.0234,-0.0045,-0.0004,102.2394,False
1719594131.1776695,-1.6592,0.0,-0.0922,-0.009,0.0001,92.7831,False,-4.4106,0.0,0.0339,-0.0053,0.0012,102.1456,False
1719594131.207247,-1.6588,0.0,-0.0359,0.004,0.0002,92.7413,False,-4.4102,0.0,0.0493,-0.0042,-0.001,102.2394,False
1719594131.2370894,-1.6582,0.0,0.1154,-0.0129,0.0001,92.7413,False,-4.4103,0.0,-0.0094,-0.0038,-0.0017,102.4269,False
1719594131.2665412,-1.6583,0.0,0.1036,0.0036,-0.0017,92.6995,False,-4.41,0.0,0.0983,-0.0081,-0.0028,102.2862,False
1719594131.2970307,-1.6588,0.0,-0.021,0.0015,-0.0031,92.9503,False,-4.4105,0.0,-0.0441,0.0045,0.0002,102.38,False
1719594131.3265436,-1.6587,0.0,0.0098,-0.0045,0.0004,92.6577,False,-4.4101,0.0,0.0397,-0.0052,-0.0003,102.2862,False
1719594131.3568873,-1.6584,0.0,0.0245,0.004,0.0001,92.7831,False,-4.4101,0.0,0.0766,0.0081,0.0017,102.2862,False
1719594131.3872309,-1.6587,0.0,-0.0144,0.0084,0.0001,92.7413,False,-4.4099,0.0,0.131,0.0,0.0,102.3331,False
1719594131.4171374,-1.6584,0.0,0.0559,0.0045,-0.0005,92.8249,False,-4.4107,0.0,-0.076,0.0008,-0.0009,102.2862,False
1719594131.446686,-1.6583,0.0,0.0659,0.0085,-0.0004,92.7413,False,-4.4101,0.0,0.0445,0.0132,-0.0003,102.4269,False
1719594131.4771323,-1.6585,0.0,0.0316,-0.0049,0.001,92.6995,False,-4.4105,0.0,-0.0297,-0.0038,-0.0005,102.38,False
1719594131.5071423,-1.6587,0.0,-0.0747,0.0005,-0.0008,92.7413,False,-4.4107,0.0,-0.0582,-0.0049,0.0003,102.3331,False
1719594131.5374413,-1.6585,0.0,0.0061,-0.0009,0.0012,92.6995,False,-4.4106,0.0,0.0562,-0.0007,0.0006,102.3331,False
1719594131.567509,-1.6589,0.0,-0.0798,0.0035,0.0002,92.6577,False,-4.4104,0.0,0.0015,-0.0045,-0.0003,102.2862,False
1719594131.5970929,-1.6589,0.0,-0.0536,0.0089,-0.0018,92.7831,False,-4.4103,0.0,0.0349,0.0087,0.0001,102.3331,False
1719594131.6269152,-1.6581,0.0,0.1161,0.004,-0.0,92.6995,False,-4.41,0.0,0.0792,-0.0003,0.0005,102.3331,False
1719594131.6572406,-1.6589,0.0,-0.0705,0.0005,-0.001,92.8249,False,-4.4103,0.0,-0.0028,0.0003,-0.0007,102.2862,False
1719594131.6872115,-1.6584,0.0,0.016,-0.0129,0.0008,92.7413,False,-4.4104,0.0,-0.0498,-0.0139,-0.0021,102.2394,False
1719594131.7175736,-1.6585,0.0,0.0532,-0.004,-0.0003,92.7413,False,-4.4103,0.0,0.0059,-0.0045,-0.0003,102.38,False
1719594131.7467315,-1.6584,0.0,0.0452,-0.0035,-0.0015,92.6577,False,-4.4103,0.0,-0.0295,0.0038,0.0008,102.2862,False
1719594131.7764068,-1.6586,0.0,-0.0272,-0.0049,0.0012,92.9085,False,-4.4105,0.0,-0.0039,-0.0045,-0.0001,102.2862,False
1719594131.8064668,-1.6589,0.0,-0.1061,-0.0005,0.0006,92.7831,False,-4.4106,0.0,-0.0492,0.0004,-0.0004,102.1925,False
1719594131.8363633,-1.6588,0.0,-0.0684,-0.0,-0.0,92.6995,False,-4.4105,0.0,-0.0016,0.0174,0.0011,102.2394,False
1719594131.865339,-1.6585,0.0,0.0051,-0.0089,0.0004,92.6577,False,-4.4105,0.0,-0.0629,-0.0,-0.0,102.2862,False
1719594131.8955967,-1.6591,0.0,-0.136,-0.0005,0.0014,92.6577,False,-4.4106,0.0,-0.0258,-0.0042,-0.0007,102.2862,False
1719594131.9249535,-1.6582,0.0,0.1101,0.004,0.0001,92.6995,False,-4.4104,0.0,0.0281,0.0045,0.0002,102.38,False
1719594131.95548,-1.6585,0.0,0.016,0.0124,-0.0002,92.7413,False,-4.4106,0.0,-0.0036,0.0045,0.0009,102.2862,False
1719594132.0004964,-1.659,0.0,-0.0949,0.0119,0.0001,92.6577,False,-4.4101,0.0,0.0905,0.0003,-0.0007,102.1925,False
1719594132.0313864,-1.659,0.0,-0.0727,-0.0084,-0.0003,92.7413,False,-4.4102,0.0,0.0418,0.0049,-0.0005,102.1925,False
1719594132.0609577,-1.6581,0.0,0.0938,-0.0,0.0,92.6995,False,-4.4106,0.0,-0.0773,0.0049,-0.0003,102.38,False
1719594132.0909557,-1.6589,0.0,-0.1106,0.0045,-0.0007,92.6995,False,-4.4102,0.0,0.0458,-0.0003,0.0004,102.1456,False
1719594132.1210682,-1.6586,0.0,-0.015,0.0005,-0.0007,92.7413,False,-4.4104,0.0,-0.0242,0.0136,0.0001,102.1456,False
1719594132.1509793,-1.6589,0.0,-0.082,-0.0134,-0.0001,92.6577,False,-4.4106,0.0,-0.0226,0.0087,0.0009,102.1456,False
1719594132.1808906,-1.6584,0.0,0.0941,0.0045,0.0002,92.7413,False,-4.4104,0.0,-0.0638,-0.0042,-0.0021,102.2394,False
1719594132.2117276,-1.6584,0.0,0.0155,-0.016,-0.0034,92.7831,False,-4.4104,0.0,-0.0205,0.0132,0.0012,102.3331,False
1719594132.2414737,-1.6583,0.0,0.0696,-0.0004,0.0006,92.7831,False,-4.4107,0.0,-0.0639,-0.0049,0.0001,102.2862,False
1719594132.2724433,-1.6582,0.0,0.0754,0.0031,0.0013,92.6995,False,-4.4107,0.0,-0.0586,-0.0083,-0.0016,102.1925,False
1719594132.3028991,-1.6591,0.0,-0.1192,-0.0129,-0.0,92.7413,False,-4.4102,0.0,0.0752,-0.0132,-0.0019,102.3331,False
1719594132.332718,-1.6583,0.0,0.0166,0.0089,-0.0007,92.7413,False,-4.4101,0.0,0.023,0.0003,-0.0006,102.1456,False
1719594132.3633397,-1.6585,0.0,-0.0298,0.0,-0.0,92.8249,False,-4.4107,0.0,-0.0657,-0.0087,-0.0011,102.2862,False
1719594132.392907,-1.6582,0.0,0.0457,0.0053,-0.002,92.7413,False,-4.41,0.0,0.0347,-0.0081,-0.0026,102.2394,False
1719594132.4225326,-1.659,0.0,-0.1003,0.009,-0.0011,92.8249,False,-4.4106,0.0,-0.1042,-0.0038,-0.0015,102.4269,False
1719594132.4530022,-1.6592,0.0,-0.1619,0.0,-0.0,92.6995,False,-4.4102,0.0,0.0808,-0.0094,-0.0008,102.2862,False
1719594132.4839582,-1.6584,0.0,0.0221,0.004,0.0001,92.7413,False,-4.41,0.0,0.1292,-0.0,-0.0,102.2862,False
1719594132.513591,-1.6584,0.0,0.0719,0.0049,-0.0017,92.7413,False,-4.4106,0.0,-0.1146,0.0053,-0.0016,102.3331,False
1719594132.5437672,-1.6585,0.0,-0.0241,0.0,-0.0,92.7413,False,-4.4105,0.0,-0.0275,-0.0049,0.0001,102.4737,False
1719594132.5741723,-1.6586,0.0,0.0146,0.0,-0.0,92.6995,False,-4.41,0.0,0.0734,0.0129,0.0011,102.3331,False
1719594132.6042826,-1.6586,0.0,-0.01,-0.003,-0.0025,92.7413,False,-4.4102,0.0,0.0569,-0.0,-0.0,102.0987,False
1719594132.635569,-1.6584,0.0,0.0656,0.0045,-0.0007,92.7413,False,-4.4103,0.0,0.0872,-0.0132,-0.0012,102.2394,False
1719594132.6650143,-1.6586,0.0,0.0258,-0.0049,0.0008,92.8249,False,-4.4104,0.0,0.0458,0.0007,-0.0021,102.38,False
1719594132.6945121,-1.6588,0.0,-0.0656,0.001,-0.0015,92.7413,False,-4.4103,0.0,0.0622,-0.0003,0.0006,102.1925,False
1719594132.7244117,-1.6587,0.0,-0.0299,0.0005,-0.0007,92.6995,False,-4.4103,0.0,0.0282,0.0049,-0.0008,102.4269,False
1719594132.7547743,-1.6587,0.0,-0.0613,0.0049,-0.001,92.7413,False,-4.4104,0.0,-0.0068,0.0087,0.0003,102.2394,False
1719594132.783953,-1.6586,0.0,0.0322,-0.0009,0.0009,92.7413,False,-4.4104,0.0,0.0306,-0.0042,-0.0007,102.38,False
1719594132.814239,-1.6582,0.0,0.0974,0.008,0.0003,92.8249,False,-4.4102,0.0,0.0691,-0.0048,0.0003,102.38,False
1719594132.8440018,-1.6582,0.0,0.0728,0.0036,0.001,92.6577,False,-4.4103,0.0,0.0595,-0.0,-0.0,102.3331,False
1719594132.8738987,-1.6585,0.0,0.0404,-0.008,-0.001,92.6995,False,-4.4103,0.0,-0.0041,0.0042,0.0006,102.0519,False
1719594132.9046974,-1.6584,0.0,0.073,-0.0045,-0.0012,92.7413,False,-4.4104,0.0,0.0119,0.0042,0.0005,102.1925,False
1719594132.9350913,-1.6583,0.0,0.0433,0.0,0.0,92.7831,False,-4.4105,0.0,-0.0317,0.0132,0.0001,102.1456,False
1719594132.964437,-1.6583,0.0,0.06,-0.004,-0.0006,92.7413,False,-4.4108,0.0,-0.0954,-0.0041,-0.0009,102.1456,False
1719594132.995158,-1.6582,0.0,0.0805,-0.0044,0.0001,92.7413,False,-4.4103,0.0,0.0221,-0.0139,-0.0002,102.38,False
1719594133.0243053,-1.6586,0.0,-0.0527,-0.004,-0.0005,92.8249,False,-4.4108,0.0,-0.1358,-0.0045,-0.0007,102.0987,False
1719594133.054479,-1.6586,0.0,-0.0309,-0.0075,-0.0021,92.7413,False,-4.4108,0.0,-0.0763,-0.0049,-0.0004,102.1925,False
1719594133.0843055,-1.6586,0.0,-0.0244,0.0045,-0.0003,92.7413,False,-4.41,0.0,0.1447,-0.0039,-0.0016,102.1456,False
1719594133.1143804,-1.6585,0.0,-0.0046,0.0,-0.0,92.6995,False,-4.4103,0.0,-0.054,-0.0003,0.0005,102.0987,False
1719594133.1447413,-1.6587,0.0,-0.053,-0.001,0.0008,92.7413,False,-4.4103,0.0,0.0104,0.0094,-0.0008,102.2862,False
1719594133.1750429,-1.6585,0.0,0.0285,-0.0045,-0.0001,92.7413,False,-4.4106,0.0,-0.043,-0.0,-0.0006,102.2394,False
1719594133.205107,-1.6588,0.0,-0.0745,-0.0035,-0.0001,92.7413,False,-4.4101,0.0,0.1107,-0.0045,-0.0004,102.4269,False
1719594133.2346578,-1.6585,0.0,0.0321,-0.0094,0.0005,92.7413,False,-4.4105,0.0,0.0232,-0.0034,-0.0027,102.3331,False
1719594133.265481,-1.6589,0.0,-0.0629,0.0045,-0.0002,92.6995,False,-4.4106,0.0,-0.0386,0.0038,0.0008,102.1456,False
1719594133.2951987,-1.6586,0.0,-0.0239,0.0,-0.0,92.6995,False,-4.4106,0.0,-0.0228,0.0083,0.0008,102.2862,False
1719594133.3257937,-1.6588,0.0,-0.0999,0.0045,-0.0012,92.6577,False,-4.4104,0.0,-0.0067,0.0094,-0.0009,102.38,False
1719594133.3555524,-1.6587,0.0,-0.0354,0.004,0.0009,92.6577,False,-4.4106,0.0,-0.0573,-0.0,-0.0,102.2862,False
1719594133.3996592,-1.6582,0.0,0.0847,-0.0085,-0.0005,92.7413,False,-4.4107,0.0,-0.071,-0.0004,0.0005,102.2394,False
1719594133.4300177,-1.6583,0.0,0.0455,-0.0129,-0.0009,92.7413,False,-4.4107,0.0,-0.0356,0.0004,-0.0007,102.3331,False
1719594133.460315,-1.6585,0.0,-0.0202,-0.0045,-0.0,92.6995,False,-4.411,0.0,-0.1363,-0.0087,-0.0008,102.1925,False
1719594133.4900196,-1.6587,0.0,-0.0329,0.0,0.0,92.6577,False,-4.4108,0.0,-0.0703,0.0,-0.0,102.3331,False
1719594133.5200028,-1.6586,0.0,-0.0806,0.0089,-0.0004,92.7413,False,-4.4104,0.0,-0.0282,0.0042,0.0004,102.3331,False
1719594133.5497932,-1.6585,0.0,0.0106,-0.0129,-0.001,92.8249,False,-4.4102,0.0,0.0651,-0.0003,0.0004,102.1925,False
1719594133.5794454,-1.6586,0.0,-0.0137,0.003,0.0014,92.6577,False,-4.4104,0.0,0.0065,-0.0091,-0.0005,102.38,False
1719594133.6098495,-1.6589,0.0,-0.0886,-0.0,-0.0,92.7413,False,-4.4106,0.0,-0.0725,0.0045,0.0,102.2862,False
1719594133.640253,-1.6588,0.0,-0.0983,0.0005,-0.0007,92.6577,False,-4.4103,0.0,0.0879,0.0042,0.0006,102.4269,False
1719594133.6702645,-1.6586,0.0,-0.0233,0.0,-0.0,92.7413,False,-4.4107,0.0,-0.0903,-0.0,0.0,102.2394,False
1719594133.7002301,-1.6589,0.0,-0.1036,-0.0045,0.0,92.6577,False,-4.4104,0.0,-0.0042,-0.0038,-0.0015,102.38,False
1719594133.7297962,-1.6586,0.0,-0.0352,0.0,-0.0,92.8249,False,-4.4102,0.0,0.057,0.0084,0.0013,102.4269,False
1719594133.7597494,-1.6589,0.0,-0.0954,-0.0005,0.0007,92.6577,False,-4.4105,0.0,-0.0637,0.0045,-0.0,102.1925,False
1719594133.789422,-1.6583,0.0,0.035,-0.0013,0.0014,92.6995,False,-4.4105,0.0,-0.04,-0.0004,0.0003,102.2862,False
1719594133.820857,-1.659,0.0,-0.0553,-0.0035,-0.0013,92.6995,False,-4.4102,0.0,0.0592,0.0042,0.0007,102.1925,False
1719594133.8481827,-1.6585,0.0,-0.0104,0.0129,-0.0006,92.6577,False,-4.4105,0.0,-0.0508,0.0,0.0,102.1456,False
1719594133.8793871,-1.6589,0.0,-0.0998,-0.001,0.0008,92.6995,False,-4.4102,0.0,0.0374,0.0003,-0.0006,102.2394,False
1719594133.9087942,-1.6589,0.0,-0.1017,-0.0139,-0.0003,92.6577,False,-4.4099,0.0,0.1319,-0.0003,0.0005,102.4737,False
1719594133.9396634,-1.6584,0.0,0.0147,0.0049,-0.0017,92.8249,False,-4.4096,0.0,0.1226,0.0045,0.0001,102.4269,False
1719594133.9696782,-1.6587,0.0,-0.0442,-0.0129,0.0002,92.6995,False,-4.4103,0.0,0.014,-0.0087,-0.0013,102.2862,False
1719594133.998968,-1.6585,0.0,0.0016,0.0045,-0.0003,92.7413,False,-4.4103,0.0,0.026,-0.0,0.0,102.3331,False
1719594134.0295963,-1.6586,0.0,-0.0289,0.0084,-0.0003,92.7413,False,-4.4102,0.0,0.0131,-0.001,0.0009,102.38,False
1719594134.0591393,-1.6588,0.0,-0.0699,0.0,0.0,92.6577,False,-4.4096,0.0,0.1148,0.0039,-0.0,102.4269,False
1719594134.089238,-1.6584,0.0,0.0478,0.0005,-0.0001,92.6995,False,-4.4105,0.0,-0.0134,-0.0049,0.0003,102.3331,False
1719594134.1188512,-1.6583,0.0,0.088,-0.004,-0.0004,92.7413,False,-4.4103,0.0,0.0099,0.0007,-0.002,102.3331,False
1719594134.1489787,-1.6582,0.0,0.0491,-0.0,-0.0,92.8249,False,-4.4104,0.0,-0.0501,0.0,-0.0,102.3331,False
1719594134.17937,-1.6584,0.0,0.0322,-0.0045,0.0003,92.6577,False,-4.4105,0.0,-0.0047,0.0,-0.0,102.2862,False
1719594134.2091389,-1.6586,0.0,-0.011,-0.0045,0.0,92.7413,False,-4.4102,0.0,0.0727,0.008,0.0019,102.2394,False
1719594134.2382886,-1.6583,0.0,0.0499,0.0125,0.0001,92.6577,False,-4.4103,0.0,-0.007,-0.0052,0.0007,102.2862,False
1719594134.2691753,-1.6585,0.0,0.0124,0.0049,-0.0016,92.6995,False,-4.4103,0.0,-0.0287,0.0038,0.0002,102.2862,False
1719594134.2989833,-1.6587,0.0,-0.0479,-0.0035,-0.0014,92.7831,False,-4.4105,0.0,-0.0979,-0.0121,-0.0043,102.2394,False
1719594134.3289635,-1.6587,0.0,-0.0709,-0.0045,0.0001,92.7413,False,-4.4101,0.0,0.0527,-0.0094,-0.0003,102.4269,False
1719594134.3585098,-1.6588,0.0,-0.0961,-0.0045,0.0002,92.6577,False,-4.4106,0.0,-0.0443,-0.0091,-0.0006,102.2862,False
1719594134.3887126,-1.6588,0.0,-0.0726,0.0124,-0.0002,92.8249,False,-4.4105,0.0,-0.0549,-0.0,-0.0,102.4269,False
1719594134.4181023,-1.6586,0.0,0.0007,-0.0005,0.0005,92.7831,False,-4.4107,0.0,-0.0727,0.0091,-0.0004,102.38,False
1719594134.448433,-1.6582,0.0,0.0733,-0.0085,-0.0003,92.7413,False,-4.4103,0.0,0.03,-0.0077,0.0,102.1456,False
1719594134.4780757,-1.6586,0.0,-0.013,0.0009,-0.0016,92.8249,False,-4.4102,0.0,0.0207,-0.0084,-0.0017,102.3331,False
1719594134.5078642,-1.6582,0.0,0.0497,-0.0009,0.0011,92.6995,False,-4.4102,0.0,0.0456,0.0003,-0.0004,102.2394,False
1719594134.5386143,-1.6583,0.0,0.0449,-0.004,-0.0004,92.7413,False,-4.4104,0.0,0.0071,0.0004,-0.0006,102.3331,False
1719594134.569137,-1.6585,0.0,0.0507,0.0045,-0.0013,92.7831,False,-4.4107,0.0,-0.0974,0.0008,-0.0014,102.1456,False
1719594134.5987983,-1.6585,0.0,0.0348,-0.0035,-0.0015,92.7413,False,-4.4102,0.0,0.1433,0.0032,0.0008,102.2394,False
1719594134.6295328,-1.6581,0.0,0.0399,0.0032,0.0012,92.6995,False,-4.4105,0.0,-0.0392,0.0004,-0.0,102.1456,False
1719594134.6590946,-1.6588,0.0,-0.0801,-0.001,0.0013,92.8667,False,-4.4104,0.0,-0.0091,0.0,0.0,102.0987,False
1719594134.689522,-1.6587,0.0,-0.0792,0.0045,-0.0005,92.9085,False,-4.4102,0.0,0.0571,-0.0003,-0.0009,102.3331,False
1719594134.7186966,-1.6585,0.0,0.011,0.0049,-0.0012,92.7413,False,-4.4098,0.0,0.1626,-0.0,-0.0,102.3331,False
1719594134.7639477,-1.6586,0.0,-0.0434,-0.0084,-0.0005,92.6995,False,-4.4106,0.0,-0.1063,-0.0008,-0.0,102.38,False
1719594134.7945883,-1.6587,0.0,-0.0067,0.0134,-0.0017,92.7831,False,-4.4104,0.0,0.0088,0.0,-0.0,102.3331,False
1719594134.8240738,-1.6583,0.0,0.0419,0.0045,-0.0004,92.7413,False,-4.4103,0.0,-0.0236,0.0045,0.0003,102.1925,False
1719594134.8537843,-1.6583,0.0,0.0409,-0.004,-0.0005,92.6995,False,-4.4106,0.0,-0.0102,-0.0042,-0.001,102.38,False
1719594134.8845365,-1.6587,0.0,0.0257,-0.004,-0.0004,92.6995,False,-4.41,0.0,0.0705,-0.0039,-0.0017,102.2394,False
1719594134.9146674,-1.6583,0.0,0.053,-0.004,-0.0004,92.7831,False,-4.41,0.0,0.1536,0.0087,0.0006,102.3331,False
1719594134.9445598,-1.6586,0.0,-0.0329,0.0005,-0.0009,92.6159,False,-4.4105,0.0,0.0102,-0.0034,-0.002,102.2862,False
1719594134.9746165,-1.6586,0.0,-0.0404,0.004,0.0001,92.7413,False,-4.4109,0.0,-0.0892,-0.0004,-0.0009,102.1925,False
1719594135.0043323,-1.6587,0.0,-0.0835,0.0005,-0.0008,92.6995,False,-4.4102,0.0,0.0294,0.0042,0.0005,102.1925,False
1719594135.0347664,-1.6586,0.0,0.0014,-0.0005,0.0006,92.7413,False,-4.4103,0.0,-0.0026,-0.0083,-0.0017,102.3331,False
1719594135.0645723,-1.6587,0.0,-0.0772,-0.001,0.0013,92.7831,False,-4.4102,0.0,0.0303,-0.0045,-0.0006,102.3331,False
1719594135.0946121,-1.6585,0.0,0.0236,0.0,0.0,92.7413,False,-4.4104,0.0,0.0005,0.0045,-0.0002,102.4269,False
1719594135.1241317,-1.6584,0.0,0.0484,-0.008,-0.001,92.6995,False,-4.4101,0.0,0.0609,0.009,-0.0003,102.3331,False
1719594135.1549492,-1.6586,0.0,0.0122,0.0134,-0.0026,92.7413,False,-4.4104,0.0,-0.0272,0.0038,0.001,102.3331,False
1719594135.1843061,-1.6586,0.0,-0.0038,0.0084,-0.0003,92.7413,False,-4.4102,0.0,0.0378,0.0035,0.0013,102.3331,False
1719594135.2142954,-1.6582,0.0,0.1041,-0.0044,0.0,92.7413,False,-4.4107,0.0,-0.0469,0.0042,0.0007,102.2394,False
1719594135.2438788,-1.6586,0.0,0.0138,0.0,-0.0,92.8249,False,-4.4104,0.0,-0.0474,0.0038,0.0013,102.2394,False
1719594135.2745323,-1.6589,0.0,-0.0968,-0.0079,-0.0013,92.7413,False,-4.4099,0.0,0.1368,-0.0087,-0.0008,102.2394,False
1719594135.3039467,-1.6588,0.0,-0.067,0.0045,-0.0001,92.6995,False,-4.4107,0.0,-0.0777,-0.0038,-0.0014,102.2862,False
1719594135.3334498,-1.6584,0.0,0.0317,-0.0049,0.0008,92.6577,False,-4.4102,0.0,0.0397,-0.0084,-0.0015,102.2394,False
1719594135.3640652,-1.659,0.0,-0.1078,-0.004,-0.0004,92.8249,False,-4.4098,0.0,0.1183,-0.0087,-0.0014,102.0519,False
1719594135.394014,-1.6584,0.0,0.0209,-0.0031,-0.0025,92.8249,False,-4.4102,0.0,0.067,-0.0042,-0.0018,102.1456,False
1719594135.4237978,-1.6583,0.0,0.097,0.004,0.0002,92.7831,False,-4.4105,0.0,-0.0213,0.0007,-0.0012,102.0519,False
1719594135.4539385,-1.6583,0.0,0.0541,0.0094,-0.0021,92.6577,False,-4.4109,0.0,-0.037,-0.0041,-0.0007,102.2862,False
1719594135.4841256,-1.6585,0.0,-0.0224,0.0115,0.0006,92.7831,False,-4.4103,0.0,0.0829,0.0087,0.0009,102.1925,False
1719594135.513151,-1.6589,0.0,-0.07,-0.003,-0.002,92.7831,False,-4.4108,0.0,-0.0733,-0.0038,-0.0,102.4737,False
1719594135.5426793,-1.6586,0.0,0.0233,0.004,0.0003,92.7413,False,-4.4108,0.0,-0.0303,-0.0087,-0.0011,102.1925,False
1719594135.5723774,-1.6583,0.0,0.1103,0.0085,-0.0002,92.7831,False,-4.4104,0.0,0.0394,0.0049,-0.0008,102.3331,False
1719594135.6024437,-1.6584,0.0,0.0021,-0.0045,-0.0006,92.6995,False,-4.4101,0.0,0.0734,-0.0045,-0.0003,102.1925,False
1719594135.6326733,-1.6585,0.0,0.0107,0.0045,-0.0006,92.8249,False,-4.4103,0.0,0.042,0.0045,0.0,102.2394,False
1719594135.663223,-1.6589,0.0,-0.0815,-0.0005,0.0008,92.6995,False,-4.4106,0.0,-0.0607,0.0045,0.0001,102.2862,False
1719594135.692169,-1.6585,0.0,0.0244,0.008,0.0004,92.6995,False,-4.4104,0.0,-0.0935,-0.0049,-0.0001,102.3331,False
1719594135.7224603,-1.6582,0.0,0.0697,-0.0049,0.0011,92.7413,False,-4.4098,0.0,0.1291,-0.0087,-0.0015,102.3331,False
1719594135.7528796,-1.6584,0.0,0.0683,0.0098,-0.0025,92.7413,False,-4.4104,0.0,-0.0322,0.0045,0.0003,102.1925,False
1719594135.783734,-1.6587,0.0,-0.0589,-0.004,-0.0005,92.7413,False,-4.4104,0.0,-0.0573,-0.0091,-0.0006,102.38,False
1719594135.8152854,-1.6587,0.0,-0.0702,-0.005,0.0002,92.8249,False,-4.4102,0.0,0.057,-0.0,0.0008,102.2862,False
1719594135.8434305,-1.6586,0.0,-0.0255,-0.004,-0.0005,92.7413,False,-4.4106,0.0,-0.0671,-0.0087,-0.0013,102.2394,False
1719594135.8731444,-1.6586,0.0,0.0189,-0.0075,-0.0019,92.6995,False,-4.4105,0.0,-0.0082,0.0038,0.0008,102.2862,False
1719594135.9033866,-1.6584,0.0,-0.0214,-0.0089,-0.0002,92.8249,False,-4.4102,0.0,0.0364,-0.0045,-0.0002,102.2394,False
1719594135.9324965,-1.6583,0.0,0.0752,0.008,0.0008,92.7831,False,-4.4101,0.0,0.0086,-0.009,-0.0008,102.4269,False
1719594135.9633381,-1.6584,0.0,0.0158,0.0045,-0.0002,92.6995,False,-4.4102,0.0,0.0117,0.0049,-0.0002,102.3331,False
1719594135.9926574,-1.6585,0.0,-0.0105,0.008,0.0006,92.6995,False,-4.4098,0.0,0.1114,-0.0129,-0.0029,102.3331,False
1719594136.0241976,-1.6586,0.0,0.0068,0.0,-0.0013,92.7413,False,-4.4101,0.0,0.031,-0.0084,-0.0021,102.2394,False
1719594136.0528297,-1.6588,0.0,-0.0307,-0.0005,0.0005,92.7413,False,-4.4102,0.0,0.0428,-0.0,0.0,102.2394,False
1719594136.0828958,-1.6584,0.0,0.0193,-0.0045,0.0002,92.6995,False,-4.4097,0.0,0.0731,0.0174,0.0009,102.2394,False
1719594136.1274045,-1.6586,0.0,-0.0016,0.008,0.0004,92.8249,False,-4.4103,0.0,-0.0949,-0.0004,0.0005,102.2862,False
1719594136.1581483,-1.659,0.0,-0.1545,0.0045,-0.0003,92.7831,False,-4.4097,0.0,0.0981,0.0042,0.0009,102.0987,False
1719594136.1874585,-1.6591,0.0,-0.0969,-0.0045,0.0003,92.6995,False,-4.4101,0.0,-0.0583,0.0045,0.0001,102.3331,False
1719594136.217564,-1.6581,0.0,0.1265,-0.0137,0.0006,92.7831,False,-4.4097,0.0,0.051,0.0084,0.0001,102.38,False
1719594136.2478797,-1.6586,0.0,0.0211,-0.0089,0.0002,92.7413,False,-4.4098,0.0,0.0725,-0.0,-0.0,102.1925,False
1719594136.2779336,-1.6587,0.0,-0.0212,-0.0084,-0.0005,92.6995,False,-4.4099,0.0,0.0461,0.0003,-0.0009,102.3331,False
1719594136.3075955,-1.6586,0.0,0.0229,0.004,0.0005,92.7831,False,-4.4103,0.0,-0.0497,0.0003,-0.0009,102.2862,False
1719594136.3371794,-1.6584,0.0,0.0627,0.0085,-0.0004,92.7413,False,-4.4104,0.0,-0.1023,0.0083,0.0012,102.2862,False
1719594136.3672397,-1.6584,0.0,0.042,-0.008,0.0005,92.6159,False,-4.4102,0.0,-0.0195,0.0042,0.0005,102.2862,False
1719594136.397367,-1.6583,0.0,0.1313,0.004,0.0002,92.6577,False,-4.4101,0.0,0.015,0.0003,-0.0007,102.2394,False
1719594136.4273276,-1.6586,0.0,0.009,0.008,0.0004,92.6995,False,-4.4103,0.0,-0.0297,0.0049,-0.0008,102.2862,False
1719594136.4578557,-1.6581,0.0,0.0247,-0.0049,0.0009,92.6995,False,-4.4103,0.0,0.0057,-0.0003,0.0011,102.2862,False
1719594136.4869509,-1.6583,0.0,-0.0138,0.0004,-0.0007,92.8249,False,-4.4104,0.0,-0.095,0.0004,-0.0006,102.3331,False
1719594136.5175304,-1.6582,0.0,-0.0171,0.0036,0.0007,92.7831,False,-4.4098,0.0,0.0898,0.0036,0.0019,102.2862,False
1719594136.5472617,-1.6582,0.0,0.0073,-0.0,0.0,92.7413,False,-4.4104,0.0,-0.0315,-0.0038,-0.002,102.2394,False
1719594136.5771134,-1.6584,0.0,-0.0831,-0.0045,0.0,92.7413,False,-4.4102,0.0,0.0144,0.0132,0.0008,102.2862,False
1719594136.607267,-1.6581,0.0,-0.0101,0.0004,-0.0005,92.8249,False,-4.4101,0.0,0.0483,-0.0087,-0.0014,102.3331,False
1719594136.6376128,-1.6584,0.0,-0.057,-0.0045,0.0002,92.7413,False,-4.4105,0.0,-0.0883,0.0042,0.0007,102.2862,False
1719594136.667006,-1.6578,0.0,0.1029,0.0036,0.0006,92.8249,False,-4.4101,0.0,0.0278,0.0035,0.001,102.38,False
1719594136.6964693,-1.658,0.0,0.0031,0.004,0.0003,92.7413,False,-4.4104,0.0,-0.0344,-0.0038,-0.0018,102.3331,False
1719594136.7275767,-1.658,0.0,0.0234,-0.0089,-0.0001,92.7413,False,-4.4102,0.0,0.0193,-0.0038,-0.0017,102.38,False
1719594136.7574658,-1.658,0.0,0.0033,0.0093,-0.0012,92.7413,False,-4.4107,0.0,-0.0762,0.0,-0.0,102.0987,False
1719594136.7880836,-1.658,0.0,0.0384,-0.0044,0.0001,92.7413,False,-4.4109,0.0,-0.0482,-0.0045,-0.0005,102.3331,False
1719594136.81798,-1.6586,0.0,-0.1322,-0.0045,0.0003,92.7413,False,-4.4104,0.0,-0.0172,0.0042,0.001,102.38,False
1719594136.8481948,-1.6586,0.0,-0.063,-0.001,0.0013,92.7831,False,-4.4105,0.0,-0.0293,0.0091,0.001,102.0987,False
1719594136.877162,-1.6582,0.0,0.0216,0.0,-0.0,92.6577,False,-4.4104,0.0,0.0616,0.0087,0.0009,102.4269,False
1719594136.9068832,-1.6578,0.0,0.124,0.0093,-0.0016,92.7831,False,-4.4103,0.0,0.0853,-0.0049,0.0003,102.2862,False
1719594136.9372587,-1.6586,0.0,-0.1275,0.012,0.0,92.8249,False,-4.4106,0.0,-0.0241,-0.0042,-0.001,102.0987,False
1719594136.9673576,-1.6585,0.0,-0.0174,-0.0,-0.0,92.6995,False,-4.4109,0.0,-0.117,0.0004,-0.0006,102.3331,False
1719594136.9974515,-1.6585,0.0,-0.0285,-0.0054,0.0008,92.7831,False,-4.4107,0.0,-0.0403,-0.0038,-0.0019,102.3331,False
1719594137.0274043,-1.6583,0.0,0.063,-0.0045,0.0,92.7413,False,-4.4105,0.0,-0.0382,-0.0042,-0.0006,102.2394,False
1719594137.057619,-1.6579,0.0,0.1085,-0.0081,-0.0005,92.8249,False,-4.4102,0.0,0.137,-0.0003,0.0008,102.4269,False
1719594137.0878294,-1.6583,0.0,-0.0286,0.0031,0.0012,92.6577,False,-4.4101,0.0,0.0651,0.0084,0.0014,102.3331,False
1719594137.1178656,-1.6586,0.0,-0.0342,0.0054,0.0006,92.7413,False,-4.4103,0.0,0.0631,-0.0077,-0.0009,102.1456,False
1719594137.147722,-1.6584,0.0,-0.0331,-0.0045,-0.0001,92.7831,False,-4.4101,0.0,0.0981,0.0087,0.0006,102.1456,False
1719594137.1785104,-1.6582,0.0,0.0296,-0.0,0.0,92.7831,False,-4.411,0.0,-0.1598,-0.012,0.0009,102.2862,False
1719594137.2081716,-1.6583,0.0,0.0134,0.004,0.0003,92.9085,False,-4.4103,0.0,0.0571,-0.0003,0.0006,102.1925,False
1719594137.2382536,-1.658,0.0,0.0316,-0.0004,0.0004,92.8249,False,-4.4101,0.0,0.0887,-0.008,-0.0028,102.3331,False
1719594137.2677057,-1.6579,0.0,0.1142,0.0081,0.0004,92.7413,False,-4.4103,0.0,0.046,-0.0007,0.0008,102.38,False
1719594137.2980938,-1.6585,0.0,-0.0114,0.0019,-0.0041,92.7831,False,-4.4101,0.0,0.0201,-0.0006,0.001,102.4269,False
1719594137.3277025,-1.659,0.0,-0.1495,-0.0,-0.0,92.8249,False,-4.4098,0.0,-0.02,0.0006,-0.0016,102.38,False
1719594137.3574755,-1.6585,0.0,-0.0025,0.0005,-0.0007,92.7413,False,-4.4103,0.0,-0.0946,-0.0049,0.0003,103.0362,False
1719594137.3869817,-1.6589,0.0,-0.0036,0.0084,-0.0004,92.8249,False,-4.4095,-6.2832,0.0866,-0.0003,0.0006,103.4525,True
1719594137.417728,-1.6594,0.0,-0.0504,0.0079,0.0004,92.7413,False,-4.4879,-6.2832,-4.7189,0.0044,-0.0008,103.6137,True
1719594137.4480627,-1.6597,0.0,-0.1086,-0.0045,0.0004,92.7413,False,-4.6602,-6.2832,-8.0724,0.0041,-0.0156,103.4525,True
1719594137.492879,-1.659,0.0,0.0099,-0.005,0.0008,92.6995,False,-5.1204,-6.2832,-14.1531,0.007,-0.0202,102.7081,True
1719594137.5217185,-1.6584,0.0,0.0746,-0.0035,-0.0013,92.7831,False,-5.5346,0.0,-17.4059,-0.0866,1.5742,102.2394,False
1719594137.551239,-1.6585,0.0,-0.0197,0.004,-0.0003,92.7413,False,-5.8127,0.0,-3.4327,-0.0348,0.0847,102.2394,False
1719594137.5813293,-1.6589,0.0,-0.0461,0.0,-0.0,92.7413,False,-5.7452,0.0,3.9109,0.0017,0.0013,102.3331,False
1719594137.6120808,-1.6584,0.0,0.0514,-0.004,-0.0002,92.7413,False,-5.6706,0.0,0.737,-0.0142,-0.0006,102.3331,False
1719594137.641703,-1.6586,0.0,0.0002,-0.0009,0.0014,92.6995,False,-5.6687,0.0,0.026,0.0093,-0.0015,102.3331,False
1719594137.6717854,-1.6588,0.0,-0.0237,0.0045,-0.0006,92.7413,False,-5.6691,0.0,0.0021,-0.0008,0.0005,102.2862,False
1719594137.7014,-1.6584,0.0,0.021,0.0045,-0.0006,92.6995,False,-5.6689,0.0,0.0713,-0.0039,0.0001,102.3331,False
1719594137.7318065,-1.6582,0.0,0.0647,0.0036,0.0006,92.6577,False,-5.6689,0.0,0.095,-0.0039,0.0002,102.1456,False
1719594137.7612581,-1.6583,0.0,0.0591,0.004,0.0002,92.7413,False,-5.6688,0.0,0.0168,-0.0047,0.0006,102.2862,False
1719594137.791441,-1.6581,0.0,0.0835,0.0044,-0.0006,92.6995,False,-5.669,0.0,-0.045,0.0007,-0.0008,102.38,False
1719594137.8218985,-1.6585,0.0,0.0415,-0.0009,0.0016,92.7831,False,-5.6691,0.0,-0.0179,0.0079,-0.0007,102.3331,False
1719594137.8520205,-1.6585,0.0,-0.0041,-0.0035,-0.0012,92.8249,False,-5.6691,0.0,-0.0174,-0.0039,0.0007,102.38,False
1719594137.881679,-1.6587,0.0,-0.0192,-0.0005,0.0008,92.6995,False,-5.6686,0.0,0.0412,0.0054,-0.0013,102.2394,False
1719594137.9118996,-1.6588,0.0,-0.0559,-0.001,0.0012,92.6577,False,-5.669,0.0,-0.084,-0.0126,0.0004,102.3331,False
1719594137.9418602,-1.6585,0.0,0.0306,-0.0009,0.0019,92.6995,False,-5.6687,0.0,0.0003,0.0093,-0.0018,102.4269,False
1719594137.9717436,-1.6585,0.0,0.0119,-0.0054,0.0017,92.7413,False,-5.6686,0.0,0.0486,-0.0,0.0,102.2862,False
1719594138.001947,-1.6585,0.0,0.0019,-0.0045,0.0003,92.7831,False,-5.6684,0.0,0.0414,-0.0107,0.001,102.2394,False
1719594138.0324767,-1.6584,0.0,0.0114,-0.0089,-0.0003,92.7831,False,-5.6684,0.0,0.0954,-0.0079,-0.0003,102.2862,False
1719594138.061991,-1.6581,0.0,0.0929,-0.0085,-0.0001,92.8249,False,-5.6683,0.0,0.072,0.0033,-0.0001,102.2394,False
1719594138.0916781,-1.6582,0.0,0.0641,0.0053,-0.0026,92.7831,False,-5.668,0.0,0.1906,0.0006,-0.0007,102.3331,False
1719594138.1220038,-1.6582,0.0,0.0258,0.0009,-0.0022,92.7413,False,-5.6685,0.0,0.0072,0.0007,-0.0006,102.3331,False
1719594138.1513045,-1.6584,0.0,-0.0219,0.0,0.0,92.7413,False,-5.6685,0.0,-0.0395,0.0014,-0.0013,102.2394,False
1719594138.180866,-1.6582,0.0,0.0601,-0.0044,0.0005,92.8249,False,-5.6683,0.0,-0.0154,-0.0093,0.001,102.4737,False
1719594138.21175,-1.6583,0.0,0.0053,0.004,0.0003,92.8249,False,-5.6683,0.0,0.0305,-0.0086,0.0004,102.3331,False
1719594138.2415798,-1.6585,0.0,-0.0225,0.0031,0.0012,92.7831,False,-5.6681,0.0,0.0321,0.0019,-0.003,103.0362,False
1719594138.2724419,-1.6587,0.0,-0.0316,0.004,0.0002,92.7831,False,-5.668,-6.2832,-0.0071,0.0133,-0.0023,103.13,True
1719594138.3016207,-1.6589,0.0,-0.0169,-0.0005,0.0003,92.7413,False,-5.7408,-6.2832,-4.9509,0.0373,-0.0053,103.1837,True
1719594138.3310564,-1.659,0.0,-0.0048,-0.0005,0.0005,92.8667,False,-5.8882,-6.2832,-7.3898,-0.0023,0.0105,103.13,True
1719594138.3608441,-1.6589,0.0,0.0197,0.0005,-0.0009,92.7831,False,-6.1133,-6.2832,-8.4134,-0.0348,0.2589,102.8019,True
1719594138.3907118,-1.6589,0.0,0.0175,0.0079,-0.0,92.7413,False,-6.2529,0.0,-3.2242,-0.0903,0.3673,102.38,False
1719594138.4213643,-1.6588,0.0,-0.0381,-0.005,-0.0007,92.7413,False,-6.1974,0.0,4.197,0.0049,0.0045,102.4737,False
1719594138.4511409,-1.659,0.0,-0.0331,0.004,-0.0007,92.6995,False,-6.0915,0.0,2.5871,-0.005,-0.0037,102.2862,False
1719594138.4809716,-1.6591,0.0,-0.1003,-0.0,-0.0,92.6995,False,-6.0566,0.0,-0.6448,0.0092,-0.0024,102.2394,False
1719594138.510272,-1.659,0.0,-0.0664,-0.0005,0.0007,92.7413,False,-6.0607,0.0,-0.0657,-0.0001,-0.0014,102.38,False
1719594138.54063,-1.6587,0.0,0.0367,-0.0054,0.0017,92.6995,False,-6.0603,0.0,-0.0501,-0.0045,0.0002,102.2862,False
1719594138.570306,-1.6587,0.0,0.0143,-0.0005,0.0006,92.7413,False,-6.0604,0.0,-0.0849,0.0086,-0.0006,102.2394,False
1719594138.599974,-1.6587,0.0,0.1053,0.0084,-0.0008,92.8249,False,-6.0598,0.0,0.0848,-0.0,0.0,102.4737,False
1719594138.6301775,-1.6587,0.0,-0.018,-0.008,-0.0006,92.7831,False,-6.0599,0.0,0.0542,-0.0042,-0.0014,102.5206,False
1719594138.6599114,-1.6592,0.0,-0.158,0.0034,-0.0003,92.7413,False,-6.0599,0.0,0.0368,0.0001,-0.0006,102.7081,False
1719594138.6898313,-1.6586,0.0,0.0444,0.0005,-0.0008,92.8667,False,-6.0597,0.0,0.074,-0.0001,0.0,102.9425,False
1719594138.7206492,-1.6591,0.0,-0.041,-0.0079,-0.0005,92.8249,False,-6.0599,-6.2832,-0.0117,-0.0086,-0.0009,103.0831,True
1719594138.750251,-1.6588,0.0,0.0544,0.0084,0.001,92.6995,False,-6.1211,-6.2832,-4.7516,0.0762,0.0218,103.0831,True
1719594138.7797725,-1.6593,0.0,-0.0723,0.0079,-0.0001,92.7413,False,-6.235,-6.2832,-3.8689,-0.0529,0.2024,103.1837,True
1719594138.8106236,-1.6591,0.0,-0.0291,-0.0084,0.0,92.6995,False,-6.2711,-6.2832,-0.0817,-0.0713,0.0731,102.6612,True
1719594138.8535876,-1.659,0.0,0.0203,-0.0134,0.0007,92.8667,False,-6.2781,0.0,-0.0331,-0.0349,0.031,102.6144,False
1719594138.8843234,-1.659,0.0,-0.0122,-0.0035,-0.0013,92.8249,False,-6.2316,0.0,2.148,-0.005,0.0,102.6144,False
1719594138.9146454,-1.659,0.0,0.0575,-0.0,0.0,92.8249,False,-6.1826,0.0,-0.1704,0.0201,-0.0019,102.5206,False
1719594138.9447894,-1.6593,0.0,-0.0502,0.009,-0.0011,92.6577,False,-6.1854,0.0,0.1081,-0.005,-0.0002,102.6144,False
1719594138.9748807,-1.659,0.0,0.0211,-0.0055,0.0018,92.7831,False,-6.186,0.0,-0.0764,0.0076,-0.0,102.4269,False
1719594139.0046473,-1.6587,0.0,0.0681,-0.0035,0.0,92.7413,False,-6.1856,0.0,0.0168,-0.0025,0.0005,102.755,False
1719594139.035155,-1.659,0.0,-0.0165,0.004,-0.0,92.7413,False,-6.1855,0.0,-0.0071,-0.0126,-0.0015,102.8487,False
1719594139.0653267,-1.6591,0.0,-0.0096,0.0084,-0.0003,92.7831,False,-6.1854,0.0,0.0902,-0.0,-0.0013,102.8956,False
1719594139.09544,-1.6593,0.0,-0.0384,0.0005,-0.0006,92.8667,False,-6.1857,0.0,-0.0224,0.0025,0.0003,102.9894,False
1719594139.125529,-1.6594,0.0,-0.1218,-0.0034,-0.0012,92.8667,False,-6.1857,-6.2832,-0.053,-0.0025,-0.0007,102.8956,True
1719594139.1558833,-1.6589,0.0,0.0415,-0.0,0.0,92.7413,False,-6.2434,0.0,-4.0782,-0.0593,0.301,102.9425,False
1719594139.1861086,-1.6591,0.0,0.0219,0.0045,0.0009,92.8249,False,-6.2375,-6.2832,1.8147,-0.0128,-0.0047,102.8956,True
1719594139.2146013,-1.6587,0.0,0.1018,-0.0005,0.0008,92.8249,False,-6.2742,0.0,-1.9254,-0.0197,0.0285,102.8019,False
1719594139.244551,-1.659,0.0,0.0357,0.0064,0.0006,92.7413,False,-6.2074,0.0,3.2232,-0.0045,-0.0036,102.8019,False
1719594139.274595,-1.6593,0.0,-0.0969,0.0045,-0.0007,92.7413,False,-6.1765,0.0,-0.1011,0.0,0.0002,102.6612,False
1719594139.3048086,-1.6589,0.0,0.0366,-0.0095,0.0015,92.7831,False,-6.183,0.0,0.0148,0.0101,0.0008,102.755,False
1719594139.3341863,-1.6594,0.0,-0.0981,-0.0051,0.001,92.7413,False,-6.1834,0.0,-0.0182,-0.0046,0.0003,102.7081,False
1719594139.3642862,-1.6595,0.0,-0.0769,0.0045,-0.0006,92.9085,False,-6.1834,0.0,-0.0209,-0.0101,-0.0015,102.6144,False
1719594139.3947933,-1.6589,0.0,0.0404,0.0079,0.0001,92.6577,False,-6.1834,0.0,-0.0508,0.0027,0.0005,102.7081,False
1719594139.423685,-1.6589,0.0,0.0155,0.0089,-0.001,92.6995,False,-6.1835,0.0,-0.0472,0.0019,-0.0014,102.8956,False
1719594139.4539435,-1.659,0.0,-0.0064,0.0084,0.0001,92.7413,False,-6.1827,0.0,0.0902,-0.0005,-0.0009,102.9894,False
1719594139.484591,-1.6591,0.0,-0.0298,-0.0,-0.0,92.6995,False,-6.1828,-6.2832,0.0483,-0.0078,-0.0019,102.9894,True
1719594139.5145924,-1.6593,0.0,-0.0552,-0.0011,0.0006,92.8667,False,-6.2426,-6.2832,-3.8993,0.0333,-0.0081,103.0831,True
1719594139.5441284,-1.6596,0.0,-0.1688,-0.0028,-0.0019,92.9085,False,-6.2754,-6.2832,-0.2603,-0.0297,0.0263,103.0831,True
1719594139.5755696,-1.6593,0.0,-0.0707,0.004,0.0003,92.7831,False,-6.2786,-6.2832,0.1514,-0.01,0.0036,103.3988,True
1719594139.6049485,-1.6588,0.0,0.0926,0.0,-0.0002,92.7831,False,-6.2796,-6.2832,0.0383,-0.0139,0.0027,103.345,True
1719594139.634222,-1.6597,0.0,-0.1084,-0.0051,0.0005,92.8249,False,-6.2799,-6.2832,-0.0495,-0.0017,-0.0007,103.6137,True
1719594139.6639538,-1.6594,0.0,0.0051,0.0079,0.0004,92.7831,False,-6.2795,-6.2832,0.062,-0.0089,0.0015,103.8288,True
1719594139.6943533,-1.6595,0.0,-0.0096,0.0039,0.0001,92.7413,False,-6.2803,-6.2832,-0.1297,-0.0,0.0,103.6137,True
1719594139.7234795,-1.6595,0.0,-0.005,0.0006,-0.0008,92.7413,False,-6.2792,-6.2832,0.2495,-0.006,0.0027,103.56,True
1719594139.7537153,-1.6595,0.0,0.0711,0.0208,-0.002,92.8249,False,-6.2808,-6.2832,-0.2173,0.0144,0.0009,103.775,True
1719594139.7837305,-1.6596,0.0,0.0079,0.0124,-0.0007,92.8249,False,-6.28,-6.2832,-0.0518,-0.0021,0.0003,103.8288,True
1719594139.8134224,-1.6598,0.0,-0.0904,0.0006,-0.0009,92.8249,False,-6.2799,-6.2832,0.0217,-0.0071,0.0008,103.8288,True
1719594139.8435018,-1.6595,0.0,0.0795,0.0,-0.0,92.7413,False,-6.2804,-6.2832,0.0186,0.0021,-0.0008,103.8825,True
1719594139.874396,-1.6597,0.0,-0.0321,0.0039,0.0003,92.9085,False,-6.2812,-6.2832,-0.1863,0.0201,0.0037,103.9362,True
1719594139.9177587,-1.6596,0.0,0.0301,-0.0006,0.0006,92.8667,False,-6.2811,-6.2832,-0.1505,0.005,-0.0001,104.0975,True
1719594139.9477727,-1.6595,0.0,0.0217,0.0084,-0.0004,92.8667,False,-6.2809,-6.2832,-0.2056,0.0015,-0.0013,103.99,True
1719594139.977584,-1.6602,0.0,-0.0172,-0.0071,0.001,92.7413,False,-6.2804,-6.2832,-0.1427,0.0222,0.0011,103.8825,True
1719594140.007561,-1.6603,0.0,-0.0074,0.0084,-0.0001,92.7831,False,-6.2801,-6.2832,-0.0118,0.0021,-0.0004,104.205,True
1719594140.0382097,-1.6608,0.0,-0.0917,-0.0046,0.0006,92.7413,False,-6.2808,-6.2832,-0.1717,0.0286,0.0001,104.0975,True
1719594140.0679536,-1.6607,0.0,0.0231,-0.007,-0.0013,92.7831,False,-6.28,-6.2832,0.0348,0.0,-0.0,104.2588,True
1719594140.0979824,-1.6614,0.0,-0.1662,-0.0,0.0,92.8249,False,-6.2801,-6.2832,0.0375,-0.0071,0.0015,104.3662,True
1719594140.1277065,-1.661,0.0,-0.0521,0.0046,-0.0003,92.7831,False,-6.2801,-6.2832,0.0527,-0.0121,0.0028,104.4737,True
1719594140.1577733,-1.6611,0.0,0.0315,0.0,-0.0,92.7831,False,-6.281,-6.2832,-0.2422,0.0044,0.0008,104.5275,True
1719594140.1864774,-1.6614,0.0,0.0014,0.0023,-0.0008,92.7413,False,-6.2803,-6.2832,-0.0154,-0.0079,0.0012,104.3662,True
1719594140.2154088,-1.6614,0.0,0.0499,0.0053,-0.0019,92.6995,False,-6.2801,-6.2832,0.0683,0.0,-0.0,104.2588,True
1719594140.246501,-1.6617,0.0,0.0237,0.0084,-0.0006,92.9085,False,-6.2806,-6.2832,0.0198,0.0,0.0019,104.3125,True
1719594140.2759204,-1.6618,0.0,0.0283,0.0168,-0.0019,92.7831,False,-6.2814,-6.2832,-0.1656,0.0095,0.0007,104.42,True
1719594140.3054962,-1.6619,0.0,0.0918,-0.0,-0.0,92.7413,False,-6.2811,-6.2832,-0.1541,0.01,0.0003,104.7425,True
1719594140.3352125,-1.6623,0.0,0.0246,-0.0,0.0,92.8249,False,-6.281,-6.2832,-0.1088,0.0122,-0.0017,104.3125,True
1719594140.3663795,-1.6626,0.0,-0.0522,-0.0046,0.0004,92.8249,False,-6.2811,-6.2832,-0.1395,0.01,0.0001,104.4737,True
1719594140.396076,-1.6627,0.0,0.0254,-0.0037,-0.0005,92.8249,False,-6.2808,-6.2832,-0.1047,-0.0028,-0.0001,104.6888,True
1719594140.4264517,-1.663,0.0,0.0692,0.0083,-0.0005,92.6995,False,-6.2812,-6.2832,-0.124,0.0022,0.0002,104.635,True
1719594140.455757,-1.6639,0.0,-0.086,-0.0026,-0.0012,92.9085,False,-6.2809,-6.2832,-0.0491,-0.005,0.0006,104.7962,True
1719594140.4868326,-1.6633,0.0,0.0885,-0.0046,0.0003,92.7413,False,-6.2813,-6.2832,-0.1448,0.0066,-0.0006,104.7962,True
1719594140.5166852,-1.6642,0.0,-0.0032,0.0104,-0.0022,92.7831,False,-6.2806,-6.2832,-0.0443,-0.005,0.0008,104.9037,True
1719594140.5468616,-1.6647,0.0,-0.0123,0.0047,-0.0009,92.8249,False,-6.2815,-6.2832,-0.2481,0.0044,0.0012,104.85,True
1719594140.5765772,-1.6649,0.0,-0.0193,-0.0071,-0.0011,92.8249,False,-6.2807,-6.2832,-0.1988,0.0201,0.0034,104.9575,True
1719594140.606681,-1.6651,0.0,0.0026,-0.0071,-0.0009,92.7413,False,-6.2806,-6.2832,-0.0606,0.005,-0.0007,105.0112,True
1719594140.6363676,-1.6656,0.0,-0.0201,-0.0059,0.0006,92.6995,False,-6.2802,-6.2832,0.071,-0.005,0.0015,105.065,True
1719594140.665616,-1.6656,0.0,0.0044,0.0094,-0.0007,92.7413,False,-6.2813,-6.2832,-0.1324,0.005,-0.0001,105.065,True
1719594140.6951866,-1.6661,0.0,-0.1079,0.0094,-0.0008,92.8249,False,-6.2808,-6.2832,-0.065,0.01,-0.0015,105.1188,True
1719594140.7261496,-1.6658,0.0,-0.0469,-0.007,-0.001,92.8249,False,-6.2811,-6.2832,-0.0946,0.0078,-0.0003,105.2262,True
1719594140.7552392,-1.6658,0.0,0.0058,0.0094,-0.0015,92.8249,False,-6.2807,-6.2832,-0.0526,0.0115,-0.0022,105.28,True
1719594140.785221,-1.6659,0.0,-0.015,-0.0023,-0.0014,92.8249,False,-6.2812,-6.2832,-0.0637,0.0122,-0.0013,105.2262,True
1719594140.815557,-1.6657,0.0,0.0301,0.0082,0.0002,92.7831,False,-6.2813,-6.2832,-0.1241,-0.01,0.0001,104.7962,True
1719594140.8467023,-1.666,0.0,-0.0393,0.0012,-0.0009,92.7831,False,-6.2811,-6.2832,-0.0415,-0.0129,-0.0001,104.85,True
1719594140.8752043,-1.6657,0.0,-0.0138,-0.0059,0.0008,92.8667,False,-6.2813,-6.2832,-0.1791,0.0173,0.001,104.85,True
1719594140.9051473,-1.6659,0.0,0.0198,0.0059,-0.0011,92.7831,False,-6.2813,-6.2832,-0.071,0.01,-0.0013,104.9575,True
1719594140.9364855,-1.6655,0.0,0.0605,-0.0071,0.0021,92.7831,False,-6.2813,-6.2832,-0.0065,-0.01,-0.0013,105.065,True
1719594140.9662342,-1.666,0.0,-0.0256,-0.0047,0.0003,92.8249,False,-6.2814,-6.2832,-0.1082,0.0044,-0.0002,105.0112,True
1719594140.9956195,-1.666,0.0,-0.0259,-0.0,0.0008,92.8249,False,-6.281,-6.2832,-0.1061,0.005,-0.0002,104.9575,True
1719594141.0251415,-1.6657,0.0,-0.0076,-0.0023,0.0012,92.7413,False,-6.2815,-6.2832,-0.1341,0.0123,-0.0008,105.1188,True
1719594141.0557082,-1.666,0.0,-0.0084,0.0023,0.0007,92.7831,False,-6.2817,-6.2832,-0.2421,0.0246,0.002,105.1188,True
1719594141.086533,-1.6659,0.0,-0.0363,0.0035,-0.0,92.7413,False,-6.2813,-6.2832,-0.1498,0.0044,-0.0004,105.0112,True
1719594141.116961,-1.6657,0.0,0.0023,0.0177,0.001,92.7831,False,-6.2813,-6.2832,-0.087,-0.005,0.0004,105.1188,True
1719594141.1457274,-1.6661,0.0,-0.0636,-0.0,0.0,92.7413,False,-6.2807,-6.2832,0.1103,-0.0057,0.0011,105.0112,True
1719594141.1758418,-1.6657,0.0,0.0373,-0.0012,0.0006,92.7831,False,-6.2817,-6.2832,-0.1868,0.0151,-0.0018,105.065,True
1719594141.205989,-1.6659,0.0,-0.0068,-0.0059,0.0009,92.8249,False,-6.2815,-6.2832,-0.1616,0.0078,0.0004,104.9575,True
1719594141.2362635,-1.6657,0.0,0.0004,-0.0094,0.0013,92.7413,False,-6.2817,-6.2832,-0.2403,0.0223,0.002,105.1725,True
1719594141.2659822,-1.6655,0.0,0.0808,-0.0059,-0.0016,92.7413,False,-6.2816,-6.2832,-0.214,0.0251,0.0009,105.0112,True
1719594141.2960658,-1.6658,0.0,0.0315,0.0023,0.0007,92.8249,False,-6.2812,-6.2832,-0.0501,-0.0107,0.0,105.0112,True
1719594141.3256035,-1.6661,0.0,-0.0877,0.0035,-0.0016,92.7413,False,-6.2809,-6.2832,0.0321,-0.005,0.0009,104.9575,True
1719594141.3562653,-1.6656,0.0,0.0747,-0.0047,0.0006,92.7413,False,-6.2814,-6.2832,-0.077,0.0106,-0.0014,104.9575,True
1719594141.386618,-1.6657,0.0,-0.0056,-0.0012,0.0005,92.7831,False,-6.2814,-6.2832,-0.1939,0.0151,0.0015,105.065,True
1719594141.4174705,-1.6655,0.0,0.0653,0.0082,-0.0005,92.8249,False,-6.2815,-6.2832,-0.1579,0.0073,-0.0004,105.065,True
1719594141.4470842,-1.6658,0.0,-0.0036,-0.0059,-0.0024,92.8249,False,-6.281,-6.2832,-0.0422,-0.0072,0.0004,105.065,True
1719594141.4776237,-1.6657,0.0,0.0249,0.0059,0.0005,92.6577,False,-6.2816,-6.2832,-0.1223,0.0095,-0.0005,104.9575,True
1719594141.5077517,-1.6657,0.0,0.0234,0.0012,-0.0008,92.7831,False,-6.2815,-6.2832,-0.1741,0.0145,0.0008,105.1188,True
1719594141.5382047,-1.666,0.0,-0.0686,-0.0035,-0.0003,92.7413,False,-6.2815,-6.2832,-0.1295,0.0017,-0.001,105.1725,True
1719594141.5830953,-1.6661,0.0,-0.1201,0.0012,-0.0022,92.7831,False,-6.2817,-6.2832,-0.0582,-0.005,0.0007,105.0112,True
1719594141.61249,-1.6659,0.0,0.0009,-0.0012,-0.0003,92.9085,False,-6.2815,-6.2832,-0.1542,0.01,0.0004,105.1725,True
1719594141.6422386,-1.6658,0.0,-0.021,0.0152,-0.0009,92.7831,False,-6.2808,-6.2832,0.0767,-0.0144,0.0038,105.065,True
1719594141.6727812,-1.6656,0.0,0.0604,-0.0024,-0.0011,92.7413,False,-6.2809,-6.2832,0.0584,0.0022,-0.0009,105.1188,True
1719594141.7024088,-1.6658,0.0,0.006,-0.0082,0.0004,92.6995,False,-6.2814,-6.2832,-0.1703,0.005,0.0004,105.0112,True
1719594141.7325854,-1.6659,0.0,-0.0348,0.0129,-0.002,92.8667,False,-6.2815,-6.2832,-0.1863,0.0078,-0.0005,105.0112,True
1719594141.762793,-1.666,0.0,-0.0416,-0.0082,0.0001,92.8249,False,-6.2815,-6.2832,-0.0723,0.0078,-0.0004,105.0112,True
1719594141.7922425,-1.6654,0.0,0.1445,-0.0035,-0.0002,92.7413,False,-6.2815,-6.2832,-0.0697,0.0022,-0.0005,105.0112,True
1719594141.8226116,-1.6657,0.0,0.0926,-0.007,-0.0004,92.7831,False,-6.2812,-6.2832,0.004,-0.0056,-0.0002,105.1188,True
1719594141.8531823,-1.6658,0.0,-0.0174,-0.0,0.0,92.8249,False,-6.2818,-6.2832,-0.1978,0.0151,-0.001,104.9575,True
1719594141.881288,-1.6661,0.0,-0.1254,-0.0035,-0.0004,92.8249,False,-6.2815,-6.2832,-0.1659,0.0095,-0.001,105.2262,True
1719594141.911897,-1.6657,0.0,0.0417,-0.0012,0.0009,92.8249,False,-6.2816,-6.2832,-0.1164,0.0028,0.0003,105.0112,True
1719594141.9421647,-1.6658,0.0,-0.005,-0.0023,-0.0014,92.8249,False,-6.2812,-6.2832,-0.0831,0.0044,-0.0004,105.1725,True
1719594141.9724698,-1.6658,0.0,0.0004,-0.0047,0.0006,92.8667,False,-6.2813,-6.2832,-0.0405,0.0034,-0.0003,104.9575,True
1719594142.001957,-1.666,0.0,0.0011,0.0012,-0.0011,92.8249,False,-6.2818,-6.2832,-0.1752,0.0178,0.0003,105.065,True
1719594142.0331707,-1.666,0.0,-0.0687,0.007,0.0001,92.7831,False,-6.2815,-6.2832,-0.0608,0.0078,0.0003,105.065,True
1719594142.0626528,-1.6657,0.0,0.0092,0.0012,-0.0009,92.8249,False,-6.2808,-6.2832,0.023,0.0072,-0.002,105.1188,True
1719594142.0912292,-1.666,0.0,-0.078,0.0024,-0.0017,92.9085,False,-6.2807,-6.2832,0.0722,-0.0086,0.0015,105.1188,True
1719594142.1217992,-1.6657,0.0,0.0258,0.0023,0.0005,92.8249,False,-6.2813,-6.2832,0.0077,0.0066,-0.0004,105.2262,True
1719594142.1518326,-1.6654,0.0,0.1209,0.0047,-0.0008,92.7831,False,-6.2816,-6.2832,-0.1134,0.0022,-0.0005,105.0112,True
1719594142.1809525,-1.666,0.0,-0.025,-0.0023,0.0011,92.8249,False,-6.281,-6.2832,-0.1114,0.01,-0.0002,105.1188,True
1719594142.2118542,-1.6658,0.0,-0.0257,0.0129,-0.0007,92.8249,False,-6.2817,-6.2832,-0.166,-0.0028,-0.0003,105.1188,True
1719594142.2413557,-1.6661,0.0,-0.0635,0.0107,0.0009,92.7831,False,-6.2811,-6.2832,0.0332,-0.0129,0.0021,105.1188,True
1719594142.2704074,-1.6657,0.0,0.0438,-0.0047,-0.0,92.7831,False,-6.2812,-6.2832,-0.0232,-0.0,0.0,105.1188,True
1719594142.2999988,-1.6659,0.0,-0.0513,0.0035,-0.0,92.7831,False,-6.2811,-6.2832,-0.0218,0.0016,-0.0017,105.065,True
1719594142.3301854,-1.6654,0.0,0.0843,0.0024,0.0007,92.7831,False,-6.2813,-6.2832,-0.0642,-0.0056,0.0002,105.065,True
1719594142.3602707,-1.6654,0.0,0.1201,-0.0141,0.0006,92.8249,False,-6.2816,-6.2832,-0.107,0.0151,-0.0013,105.1725,True
1719594142.3898861,-1.6658,0.0,0.0181,-0.0,-0.0,92.6995,False,-6.2817,-6.2832,-0.2264,0.0173,0.001,105.1188,True
1719594142.4201508,-1.6662,0.0,-0.0962,-0.0,0.0,92.7831,False,-6.2812,-6.2832,-0.0095,0.0144,-0.0026,105.1725,True
1719594142.4495256,-1.6657,0.0,0.0478,0.0,-0.0,92.8249,False,-6.2811,-6.2832,-0.1115,0.0094,0.0001,105.0112,True
1719594142.479246,-1.6661,0.0,-0.0868,0.006,-0.001,92.8249,False,-6.2817,-6.2832,-0.1983,0.0123,0.0008,105.1188,True
1719594142.5093634,-1.6659,0.0,-0.0488,-0.0012,0.0008,92.9085,False,-6.2816,-6.2832,-0.0958,0.0028,0.0005,105.065,True
1719594142.5404344,-1.6657,0.0,0.0045,0.0012,0.0007,92.8667,False,-6.2817,-6.2832,-0.1194,0.0045,-0.0011,104.9575,True
1719594142.5699165,-1.6658,0.0,-0.0426,-0.0,0.0,92.8249,False,-6.2816,-6.2832,-0.2177,0.0128,0.0014,104.9575,True
1719594142.6001987,-1.6657,0.0,0.0198,-0.0094,0.0004,92.8249,False,-6.2812,-6.2832,-0.0271,-0.0006,-0.0005,104.9037,True
1719594142.631445,-1.6656,0.0,0.0634,0.0059,-0.0017,92.9085,False,-6.2815,-6.2832,-0.1114,0.0095,-0.001,105.2262,True
1719594142.6739702,-1.6657,0.0,0.0103,-0.0129,-0.0002,92.8249,False,-6.2808,-6.2832,0.1734,-0.0144,0.006,105.065,True
1719594142.703991,-1.6656,0.0,0.0139,-0.0047,0.0004,92.8249,False,-6.2818,-6.2832,-0.1374,-0.0173,-0.0007,105.1725,True
1719594142.734167,-1.6661,0.0,-0.0807,-0.0094,0.0005,92.8249,False,-6.2817,-6.2832,-0.0576,-0.0005,-0.001,105.28,True
1719594142.7641828,-1.6657,0.0,0.0031,-0.0,0.0,92.8667,False,-6.281,-6.2832,0.0417,-0.0129,0.0017,105.1725,True
1719594142.793805,-1.6656,0.0,0.0632,-0.0,0.0,92.6995,False,-6.2814,-6.2832,-0.0935,-0.0016,0.0007,105.1725,True
1719594142.822909,-1.666,0.0,-0.0858,0.0023,0.0009,92.8667,False,-6.281,-6.2832,-0.0459,0.0144,-0.0027,105.0112,True
1719594142.8537147,-1.6655,0.0,0.1075,0.0071,0.0002,92.8249,False,-6.2813,-6.2832,-0.0051,-0.005,0.0008,105.2262,True
1719594142.8823435,-1.6657,0.0,0.0363,-0.0071,0.0019,92.7413,False,-6.2811,-6.2832,-0.0225,-0.005,0.0003,104.9575,True
1719594142.9123352,-1.6658,0.0,-0.022,0.0012,-0.001,92.7831,False,-6.2813,-6.2832,-0.0997,0.0094,-0.0009,105.0112,True
1719594142.9430876,-1.6656,0.0,0.1189,0.0024,-0.0018,92.8667,False,-6.2817,-6.2832,-0.2329,0.005,0.0009,105.1188,True
1719594142.9724956,-1.6659,0.0,-0.0484,0.0107,-0.0,92.7831,False,-6.281,-6.2832,-0.0257,-0.0044,0.0002,105.0112,True
1719594143.0020254,-1.666,0.0,-0.0392,-0.0094,0.0007,92.8249,False,-6.2808,-6.2832,0.0908,-0.0179,0.0031,105.065,True
1719594143.0323868,-1.6656,0.0,0.0384,-0.0,0.0,92.8249,False,-6.2815,-6.2832,-0.0886,0.005,0.0004,104.9575,True
1719594143.0611367,-1.6654,0.0,0.1048,0.0,0.0,92.7413,False,-6.2815,-6.2832,-0.1399,0.0123,0.0002,105.1725,True
1719594143.0911622,-1.6657,0.0,-0.001,0.0047,-0.0005,92.8667,False,-6.2811,-6.2832,0.032,-0.0078,0.0005,105.065,True
1719594143.1215413,-1.6658,0.0,-0.0371,-0.0023,-0.0015,92.8249,False,-6.2815,-6.2832,-0.0956,0.0195,-0.0004,105.065,True
1719594143.1515577,-1.6655,0.0,0.11,-0.0,0.0,92.7831,False,-6.2813,-6.2832,-0.0764,0.0044,-0.0011,105.2262,True
1719594143.1813846,-1.6659,0.0,-0.038,-0.0047,0.0003,92.7413,False,-6.2808,-6.2832,0.0677,-0.0114,0.002,105.1188,True
1719594143.2116935,-1.6656,0.0,0.052,0.0012,-0.0009,92.8249,False,-6.2815,-6.2832,-0.1139,0.0106,-0.0031,105.2262,True
1719594143.2413092,-1.6656,0.0,0.0564,0.0129,-0.0017,92.9085,False,-6.2813,-6.2832,0.0115,-0.0078,0.0006,105.28,True
1719594143.271684,-1.6655,0.0,0.0691,-0.0129,0.0001,92.8249,False,-6.2816,-6.2832,-0.0453,-0.0022,0.0004,105.2262,True
1719594143.3016288,-1.666,0.0,-0.0401,0.0035,0.0003,92.8667,False,-6.2816,-6.2832,-0.0685,0.0006,-0.0,105.6025,True
1719594143.332701,-1.6661,0.0,-0.0964,0.0142,-0.003,92.7831,False,-6.2819,-6.2832,-0.1257,0.0096,0.0,105.3337,True
1719594143.360978,-1.6657,0.0,0.0014,-0.0024,0.0009,92.8667,False,-6.2813,-6.2832,-0.1745,0.005,0.0005,105.3337,True
1719594143.3909566,-1.6659,0.0,-0.0228,-0.0059,0.0005,92.8249,False,-6.2817,-6.2832,-0.0681,0.0045,-0.0014,105.1188,True
1719594143.421679,-1.6657,0.0,0.009,0.0141,-0.0029,92.8667,False,-6.2817,-6.2832,-0.0466,-0.01,0.0009,105.1188,True
1719594143.451335,-1.6659,0.0,-0.0465,0.0012,-0.001,92.7831,False,-6.2817,-6.2832,-0.0676,-0.0023,-0.0008,105.1188,True
1719594143.4813204,-1.666,0.0,-0.0268,0.0082,-0.001,92.8667,False,-6.2821,-6.2832,-0.2933,0.0128,0.0027,105.1725,True
1719594143.4965103,-1.666,0.0,-0.0049,0.007,0.0,92.8249,False,-6.2806,-6.2832,0.1786,-0.0136,0.0036,105.1725,True
1719594143.5268307,-1.6659,0.0,-0.0323,0.0012,-0.0008,92.8667,False,-6.2821,-6.2832,-0.1959,0.0197,0.0006,105.1188,True
1719594143.555517,-1.6657,0.0,-0.0033,-0.0012,0.0004,92.7831,False,-6.2816,-6.2832,-0.0819,-0.0056,-0.0012,105.1188,True
1719594143.5851753,-1.6659,0.0,-0.0178,-0.0082,0.0003,92.8249,False,-6.2817,-6.2832,-0.1016,-0.0,-0.0,105.1188,True
1719594143.6147835,-1.6657,0.0,0.0322,-0.0035,0.0006,92.8667,False,-6.2818,-6.2832,-0.1681,0.0055,0.001,105.2262,True
1719594143.645451,-1.6653,0.0,0.1413,0.0035,0.0,92.6995,False,-6.2819,-6.2832,-0.2505,0.0151,0.0023,105.1188,True
1719594143.6759675,-1.6658,0.0,0.0007,0.0059,-0.0012,92.8249,False,-6.2814,-6.2832,-0.1019,0.0072,-0.0002,105.1188,True
1719594143.704588,-1.6657,0.0,0.0437,0.0012,-0.0009,92.7831,False,-6.2814,-6.2832,-0.0366,0.0123,-0.0027,105.1188,True
1719594143.7343621,-1.6658,0.0,-0.0276,0.0012,-0.0007,92.9085,False,-6.2814,-6.2832,0.006,-0.0078,0.0009,105.3337,True
1719594143.7642179,-1.6658,0.0,-0.0124,-0.0035,-0.0002,92.8249,False,-6.2812,-6.2832,0.0225,0.005,-0.0012,105.28,True
1719594143.7948048,-1.6657,0.0,0.0136,0.0094,-0.0013,92.6995,False,-6.2813,-6.2832,0.035,-0.0,0.0,105.1725,True
1719594143.8241107,-1.666,0.0,-0.0204,-0.0107,0.0016,92.7413,False,-6.2816,-6.2832,-0.0181,-0.0123,0.0015,105.2262,True
1719594143.8547204,-1.6664,0.0,-0.2025,-0.0013,0.001,92.8249,False,-6.2814,-6.2832,-0.0205,-0.0056,0.0002,105.2262,True
1719594143.8849597,-1.666,0.0,-0.0484,-0.007,-0.0001,92.7413,False,-6.2817,-6.2832,-0.1105,0.0022,-0.0005,105.1725,True
